0	0	0,000383652	0
0,008341675	0	0,000778249	0
0,01668335	0	0,000867496	0
0,025025025	0	0,001545839	0
0,0333667	0	0,001437933	0
0,041708375	0	0,001527223	0
0,05005005	0	0,001481766	0
0,058391725	0	0,001725562	0
0,0667334	0	0,00202009	0
0,075075075	0	0,001938464	0
0,08341675	0	0,001864156	0
0,091758425	0	0,001363049	0
0,1001001	0	0,001329507	0
0,108441775	0	0,001170908	0
0,11678345	0	0,000989587	0
0,125125125	0	0,000769143	0
0,1334668	0	0,000769708	0
0,141808475	0	0,000654879	0
0,15015015	0	0,0005916	0
0,158491825	0	0,000658502	0
0,1668335	0	0,000666006	0
0,175175175	0	0,00056766	0
0,18351685	0	0,000654941	0
0,191858525	0	0,000736308	0
0,2002002	0	0,000693434	0
0,208541875	0	0,000754156	0
0,21688355	0	0,00079623	0
0,225225225	0	0,000887966	0
0,2335669	0	0,000853485	0
0,241908575	0	0,000802646	0
0,25025025	0	0,00084085	0
0,258591925	0	0,001111387	0
0,2669336	0	0,001119735	0
0,275275275	0	0,001112015	0
0,28361695	0	0,00132642	0
0,291958625	0	0,001032059	0
0,3003003	0	0,001100748	0
0,308641975	0	0,001269928	0
0,31698365	0	0,001395007	0
0,325325325	0	0,001230622	0
0,333667	0	0,001363607	0
0,342008675	0	0,00107365	0
0,35035035	0	0,000969782	0
0,358692025	0	0,001080412	0
0,3670337	0	0,000836465	0
0,375375375	0	0,000944223	0
0,38371705	0	0,000817325	0
0,392058725	0	0,000721627	0
0,4004004	0	0,00083594	0
0,408742075	0	0,000792342	0
0,41708375	0	0,000733781	0
0,425425425	0	0,000716554	0
0,4337671	0	0,000591109	0
0,442108775	0	0,000550552	0
0,45045045	0	0,000536189	0
0,458792125	0	0,00039579	0
0,4671338	0	0,000338479	0
0,475475475	0	0,000423584	0
0,48381715	0	0,00032343	0
0,492158825	0	0,00037684	0
0,500500501	0	0,000284262	0
0,508842176	0	0,000196085	0
0,517183851	0	0,000200776	0
0,525525526	0	0,000223944	0
0,533867201	0	0,00020849	0
0,542208876	0	0,00022714	0
0,550550551	0	0	0
0,558892226	0	0,000105299	0
0,567233901	0	0,000228913	0
0,575575576	0	0,000244708	0
0,583917251	0	0,000342149	0
0,592258926	0	0,00037442	0
0,600600601	0	0,000274718	0
0,608942276	0	0,000197035	0
0,617283951	0	0,000342531	0
0,625625626	0	0,000333141	0
0,633967301	0	0,000942992	0
0,642308976	0	0,018608813	0
0,650650651	0	0,058565063	0
0,658992326	0	0,128778995	0
0,667334001	0	0,224329195	0
0,675675676	0	0,370638	0
0,684017351	0	0,466842296	0
0,692359026	0	0,538960883	0
0,700700701	0	0,592340873	0
0,709042376	0	0,626205404	0
0,717384051	0	0,646510424	0
0,725725726	0	0,659187609	0
0,734067401	0	0,666439737	0
0,742409076	0	0,670604323	0
0,750750751	0	0,671474215	0
0,759092426	0	0,674457057	0
0,767434101	0	0,674999359	0
0,775775776	0	0,675504046	0
0,784117451	0	0,675856246	0
0,792459126	0	0,676643993	0
0,800800801	0	0,676737044	0
0,809142476	0	0,677240439	0
0,817484151	0	0,677631873	0
0,825825826	0	0,677805877	0
0,834167501	0	0,677880867	0
0,842509176	0	0,676862095	0
0,850850851	0	0,676155291	0
0,859192526	0	0,676156598	0
0,867534201	0	0,675933025	0
0,875875876	0	0,675901923	0
0,884217551	0	0,675858993	0
0,892559226	0	0,675782622	0
0,900900901	0	0,675791587	0
0,909242576	0	0,675574983	0
0,917584251	0	0,675562684	0
0,925925926	0	0,675604993	0
0,934267601	0	0,675472846	0
0,942609276	0	0,675473266	0
0,950950951	0	0,675401923	0
0,959292626	0	0,675405684	0
0,967634301	0	0,675531803	0
0,975975976	0	0,675416465	0
0,984317651	0	0,675486232	0
0,992659326	0	0,675694674	0
1,001001001	0	0,67579979	0
1,009342676	0	0,67600449	0
1,017684351	0	0,676586541	0
1,026026026	0	0,67792966	0
1,034367701	0	0,679710281	0
1,042709376	0	0,683699184	0
1,051051051	0	0,700826102	0
1,059392726	0	0,748060477	0
1,067734401	0	0,816192856	0
1,076076076	0	0,88769369	0
1,084417751	0	0,932075629	0
1,092759426	0	0,962356883	0
1,101101101	0	0,981000468	0
1,109442776	0	0,991041417	0
1,117784451	0	0,99765388	0
1,126126126	0	0,999766633	0
1,134467801	0	1	0
1,142809476	0	0,999952083	0
1,151151151	0	0,999945772	0
1,159492826	0	0,999478698	0
1,167834501	0	0,999021027	0
1,176176176	0	0,998807975	0
1,184517851	0	0,998744729	0
1,192859526	0	0,998442611	0
1,201201201	0	0,998293045	0
1,209542876	0	0,998288458	0
1,217884551	0	0,997884391	0
1,226226226	0	0,997883921	0
1,234567901	0	0,998055115	0
1,242909576	0	0,998039261	0
1,251251251	0	0,99839872	0
1,259592926	0	0,998365561	0
1,267934601	0	0,99833927	0
1,276276276	0	0,998431719	0
1,284617951	0	0,998318912	0
1,292959626	0	0,998527384	0
1,301301301	0	0,998539855	0
1,309642976	0	0,998604437	0
1,317984651	0	0,998448162	0
1,326326326	0	0,998435893	0
1,334668001	0	0,998640597	0
1,343009676	0	0,998687151	0
1,351351351	0	0,998711031	0
1,359693026	0	0,998680301	0
1,368034701	0	0,998706187	0
1,376376376	0	0,998598954	0
1,384718051	0	0,998686019	0
1,393059726	0	0,998794095	0
1,401401401	0	0,998904025	0
1,409743076	0	0,998659595	0
1,418084751	0	0,998756522	0
1,426426426	0	0,998688174	0
1,434768101	0	0,998765527	0
1,443109776	0	0,998817587	0
1,451451451	0	0,998609476	0
1,459793126	0	0,998496283	0
1,468134801	0	0,998217144	0
1,476476476	0	0,998187569	0
1,484818151	0	0,998284749	0
1,493159826	0	0,998212604	0
1,501501502	0	0,99796636	0
1,509843177	0	0,997933564	0
1,518184852	0	0,997796693	0
1,526526527	0	0,98968524	0
1,534868202	0	0,968508237	0
1,543209877	0	0,931080626	0
1,551551552	0	0,887316633	0
1,559893227	0	0,849937053	0
1,568234902	0	0,825906336	0
1,576576577	0	0,812545237	0
1,584918252	0	0,803777371	0
1,593259927	0	0,795797686	0
1,601601602	0	0,793205004	0
1,609943277	0	0,793511421	0
1,618284952	0	0,794566789	0
1,626626627	0	0,795273523	0
1,634968302	0	0,795580381	0
1,643309977	0	0,795685426	0
1,651651652	0	0,795986393	0
1,659993327	0	0,796089187	0
1,668335002	0	0,796208496	0
1,676676677	0	0,796257866	0
1,685018352	0	0,796087423	0
1,693360027	0	0,795940342	0
1,701701702	0	0,795928777	0
1,710043377	0	0,795640651	0
1,718385052	0	0,795688675	0
1,726726727	0	0,795657627	0
1,735068402	0	0,795717401	0
1,743410077	0	0,795835744	0
1,751751752	0	0,795989211	0
1,760093427	0	0,795984925	0
1,768435102	0	0,796064001	0
1,776776777	0	0,795983877	0
1,785118452	0	0,795884327	0
1,793460127	0	0,795895897	0
1,801801802	0	0,79590591	0
1,810143477	0	0,795741625	0
1,818485152	0	0,795670288	0
1,826826827	0	0,795722152	0
1,835168502	0	0,795602068	0
1,843510177	0	0,795476846	0
1,851851852	0	0,795538987	0
1,860193527	0	0,795520609	0
1,868535202	0	0,795365845	0
1,876876877	0	0,79527218	0
1,885218552	0	0,795096274	0
1,893560227	0	0,79493605	0
1,901901902	0	0,794737578	0
1,910243577	0	0,794733913	0
1,918585252	0	0,794005771	0
1,926926927	0	0,79126261	0
1,935268602	0	0,784306723	0
1,943610277	0	0,763649106	0
1,951951952	0	0,730378827	0
1,960293627	0	0,692652634	0
1,968635302	0	0,659904175	0
1,976976977	0	0,639626995	0
1,985318652	0	0,629659001	0
1,993660327	0	0,622213335	0
2,002002002	0	0,618647996	0
2,010343677	0	0,615626352	0
2,018685352	0	0,61482254	0
2,027027027	0	0,611777116	0
2,035368702	0	0,610992906	0
2,043710377	0	0,610750401	0
2,052052052	0	0,610643778	0
2,060393727	0	0,610671588	0
2,068735402	0	0,610825857	0
2,077077077	0	0,610839358	0
2,085418752	0	0,610798828	0
2,093760427	0	0,610915924	0
2,102102102	0	0,610948697	0
2,110443777	0	0,611017468	0
2,118785452	0	0,610790238	0
2,127127127	0	0,610811853	0
2,135468802	0	0,610893098	0
2,143810477	0	0,611191671	0
2,152152152	0	0,611137925	0
2,160493827	0	0,611172303	0
2,168835502	0	0,611177968	0
2,177177177	0	0,611289082	0
2,185518852	0	0,61093374	0
2,193860527	0	0,611007228	0
2,202202202	0	0,611042286	0
2,210543877	0	0,610928976	0
2,218885552	0	0,610631539	0
2,227227227	0	0,610650378	0
2,235568902	0	0,610533249	0
2,243910577	0	0,610248376	0
2,252252252	0	0,609098412	0
2,260593927	0	0,592281104	0
2,268935602	0	0,54078564	0
2,277277277	0	0,464859533	0
2,285618952	0	0,403191252	0
2,293960627	0	0,363413109	0
2,302302302	0	0,345315462	0
2,310643977	0	0,334122839	0
2,318985652	0	0,32838747	0
2,327327327	0	0,322801501	0
2,335669002	0	0,319362855	0
2,344010677	0	0,31500025	0
2,352352352	0	0,314059298	0
2,360694027	0	0,313812022	0
2,369035702	0	0,312937001	0
2,377377377	0	0,312413753	0
2,385719052	0	0,31251268	0
2,394060727	0	0,308501147	0
2,402402402	0	0,305841827	0
2,410744077	0	0,30510168	0
2,419085752	0	0,304907652	0
2,427427427	0	0,304817852	0
2,435769102	0	0,30487914	0
2,444110777	0	0,304925544	0
2,452452452	0	0,305064322	0
2,460794127	0	0,305228455	0
2,469135802	0	0,305239536	0
2,477477477	0	0,305265637	0
2,485819152	0	0,305328418	0
2,494160827	0	0,305228183	0
2,502502503	0	0,30529663	0
2,510844178	0	0,305360351	0
2,519185853	0	0,305280999	0
2,527527528	0	0,30527247	0
2,535869203	0	0,305261075	0
2,544210878	0	0,305169266	0
2,552552553	0	0,305231661	0
2,560894228	0	0,305025022	0
2,569235903	0	0,305035313	0
2,577577578	0	0,304927536	0
2,585919253	0	0,304012361	0
2,594260928	0	0,29768283	0
2,602602603	0	0,29560503	0
2,610944278	0	0,294904453	0
2,619285953	0	0,293117397	0
2,627627628	0	0,288997418	0
2,635969303	0	0,287102046	0
2,644310978	0	0,286718387	0
2,652652653	0	0,286563845	0
2,660994328	0	0,28656976	0
2,669336003	0	0,286726084	0
2,677677678	0	0,286734852	0
2,686019353	0	0,286793478	0
2,694361028	0	0,286788365	0
2,702702703	0	0,286839815	0
2,711044378	0	0,286875331	0
2,719386053	0	0,286944808	0
2,727727728	0	0,286917474	0
2,736069403	0	0,2868985	0
2,744411078	0	0,287085678	0
2,752752753	0	0,287313251	0
2,761094428	0	0,287464987	0
2,769436103	0	0,287157615	0
2,777777778	0	0,286791313	0
2,786119453	0	0,286250483	0
2,794461128	0	0,284786946	0
2,802802803	0	0,284728456	0
2,811144478	0	0,280148579	0
2,819486153	0	0,278150041	0
2,827827828	0	0,277337151	0
2,836169503	0	0,276545214	0
2,844511178	0	0,27652042	0
2,852852853	0	0,27633272	0
2,861194528	0	0,276491454	0
2,869536203	0	0,276932361	0
2,877877878	0	0,277019181	0
2,886219553	0	0,27729437	0
2,894561228	0	0,277658836	0
2,902902903	0	0,277638017	0
2,911244578	0	0,277829317	0
2,919586253	0	0,277858279	0
2,927927928	0	0,277969455	0
2,936269603	0	0,277913955	0
2,944611278	0	0,277855654	0
2,952952953	0	0,277866628	0
2,961294628	0	0,278013704	0
2,969636303	0	0,278164182	0
2,977977978	0	0,278031298	0
2,986319653	0	0,278105948	0
2,994661328	0	0,277928053	0
3,003003003	0	0,277969879	0
3,011344678	0	0,27783098	0
3,019686353	0	0,27778475	0
3,028028028	0	0,277723297	0
3,036369703	0	0,277579984	0
3,044711378	0	0,277594597	0
3,053053053	0	0,277568171	0
3,061394728	0	0,277660746	0
3,069736403	0	0,277527626	0
3,078078078	0	0,27887029	0
3,086419753	0	0,298355325	0
3,094761428	0	0,337512033	0
3,103103103	0	0,391070904	0
3,111444778	0	0,440681281	0
3,119786453	0	0,474484079	0
3,128128128	0	0,496809528	0
3,136469803	0	0,513035073	0
3,144811478	0	0,519966585	0
3,153153153	0	0,526306433	0
3,161494828	0	0,528715198	0
3,169836503	0	0,529313153	0
3,178178178	0	0,529058166	0
3,186519853	0	0,528374396	0
3,194861528	0	0,528083105	0
3,203203203	0	0,527689205	0
3,211544878	0	0,527594967	0
3,219886553	0	0,527467549	0
3,228228228	0	0,527501654	0
3,236569903	0	0,52757063	0
3,244911578	0	0,527726644	0
3,253253253	0	0,527820239	0
3,261594928	0	0,527669175	0
3,269936603	0	0,527563294	0
3,278278278	0	0,527588164	0
3,286619953	0	0,527291529	0
3,294961628	0	0,527319947	0
3,303303303	0	0,527261261	0
3,311644978	0	0,527187557	0
3,319986653	0	0,527206742	0
3,328328328	0	0,527106159	0
3,336670003	0	0,527239091	0
3,345011678	0	0,527110413	0
3,353353353	0	0,527222597	0
3,361695028	0	0,527179816	0
3,370036703	0	0,526972143	0
3,378378378	0	0,526979805	0
3,386720053	0	0,526826594	0
3,395061728	0	0,526813466	0
3,403403403	0	0,52673494	0
3,411745078	0	0,526475116	0
3,420086753	0	0,525997075	0
3,428428428	0	0,524588781	0
3,436770103	0	0,517539257	0
3,445111778	0	0,49378599	0
3,453453453	0	0,43161878	0
3,461795128	0	0,336044131	0
3,470136803	0	0,242270559	0
3,478478478	0	0,177715606	0
3,486820153	0	0,142702066	0
3,495161828	0	0,122743923	0
3,503503504	0	0,110501591	0
3,511845179	0	0,101491259	0
3,520186854	0	0,098140327	0
3,528528529	0	0,098122196	0
3,536870204	0	0,098589568	0
3,545211879	0	0,097623441	0
3,553553554	0	0,098960019	0
3,561895229	0	0,099794503	0
3,570236904	0	0,099248272	0
3,578578579	0	0,099860681	0
3,586920254	0	0,100973113	0
3,595261929	0	0,101187931	0
3,603603604	0	0,101352966	0
3,611945279	0	0,101593808	0
3,620286954	0	0,101548672	0
3,628628629	0	0,101567634	0
3,636970304	0	0,101526616	0
3,645311979	0	0,101791645	0
3,653653654	0	0,101905268	0
3,661995329	0	0,102033611	0
3,670337004	0	0,102104828	0
3,678678679	0	0,101944026	0
3,687020354	0	0,102073529	0
3,695362029	0	0,102208689	0
3,703703704	0	0,101974372	0
3,712045379	0	0,101928294	0
3,720387054	0	0,101959774	0
3,728728729	0	0,101920052	0
3,737070404	0	0,101781587	0
3,745412079	0	0,101809418	0
3,753753754	0	0,101519672	0
3,762095429	0	0,101550608	0
3,770437104	0	0,101357485	0
3,778778779	0	0,101608069	0
3,787120454	0	0,101194704	0
3,795462129	0	0,101338665	0
3,803803804	0	0,101319387	0
3,812145479	0	0,101377361	0
3,820487154	0	0,101281471	0
3,828828829	0	0,101442479	0
3,837170504	0	0,101437561	0
3,845512179	0	0,101414883	0
3,853853854	0	0,101475174	0
3,862195529	0	0,101644624	0
3,870537204	0	0,10174544	0
3,878878879	0	0,101901898	0
3,887220554	0	0,101817937	0
3,895562229	0	0,101979978	0
3,903903904	0	0,102129476	0
3,912245579	0	0,102087456	0
3,920587254	0	0,102147294	0
3,928928929	0	0,102155672	0
3,937270604	0	0,102110316	0
3,945612279	0	0,102233821	0
3,953953954	0	0,102221326	0
3,962295629	0	0,102205428	0
3,970637304	0	0,102118584	0
3,978978979	0	0,101937493	0
3,987320654	0	0,102034567	0
3,995662329	0	0,101908348	0
4,004004004	0	0,101896119	0
4,012345679	0	0,10182499	0
4,020687354	0	0,101892278	0
4,029029029	0	0,101973987	0
4,037370704	0	0,102213413	0
4,045712379	0	0,102158597	0
4,054054054	0	0,102026246	0
4,062395729	0	0,101891953	0
4,070737404	0	0,101853647	0
4,079079079	0	0,101920363	0
4,087420754	0	0,101876075	0
4,095762429	0	0,101853349	0
4,104104104	0	0,101615871	0
4,112445779	0	0,101462377	0
4,120787454	0	0,101595501	0
4,129129129	0	0,101588752	0
4,137470804	0	0,101547184	0
4,145812479	0	0,101403608	0
4,154154154	0	0,101806499	0
4,162495829	0	0,101873105	0
4,170837504	0	0,101799332	0
4,179179179	0	0,102012153	0
4,187520854	0	0,101726932	0
4,195862529	0	0,102297642	0
4,204204204	0	0,104084413	0
4,212545879	0	0,114567293	0
4,220887554	0	0,120013989	0
4,229229229	0	0,119852067	0
4,237570904	0	0,118520728	0
4,245912579	0	0,116721688	0
4,254254254	0	0,117254623	0
4,262595929	0	0,117602658	0
4,270937604	0	0,116732571	0
4,279279279	0	0,114746252	0
4,287620954	0	0,111600609	0
4,295962629	0	0,110594884	0
4,304304304	0	0,110675286	0
4,312645979	0	0,110552472	0
4,320987654	0	0,110180486	0
4,329329329	0	0,109939838	0
4,337671004	0	0,110364683	0
4,346012679	0	0,110298395	0
4,354354354	0	0,110654405	0
4,362696029	0	0,110825889	0
4,371037704	0	0,110996019	0
4,379379379	0	0,111274183	0
4,387721054	0	0,111214585	0
4,396062729	0	0,111191638	0
4,404404404	0	0,111537837	0
4,412746079	0	0,111881189	0
4,421087754	0	0,111639049	0
4,429429429	0	0,111698367	0
4,437771104	0	0,111551504	0
4,446112779	0	0,111539681	0
4,454454454	0	0,111563289	0
4,462796129	0	0,111453597	0
4,471137804	0	0,111333151	0
4,479479479	0	0,111295365	0
4,487821154	0	0,111316533	0
4,496162829	0	0,111306272	0
4,504504505	0	0,111420654	0
4,51284618	0	0,111344668	0
4,521187855	0	0,111506916	0
4,52952953	0	0,111255704	0
4,537871205	0	0,111275778	0
4,54621288	0	0,111439167	0
4,554554555	0	0,111622199	0
4,56289623	0	0,111368906	0
4,571237905	0	0,111172485	0
4,57957958	0	0,111276364	0
4,587921255	0	0,111289668	0
4,59626293	0	0,111254929	0
4,604604605	0	0,111514447	0
4,61294628	0	0,111289604	0
4,621287955	0	0,111302211	0
4,62962963	0	0,11135251	0
4,637971305	0	0,111660122	0
4,64631298	0	0,112017436	0
4,654654655	0	0,111690822	0
4,66299633	0	0,111546277	0
4,671338005	0	0,111619252	0
4,67967968	0	0,111586207	0
4,688021355	0	0,111515703	0
4,69636303	0	0,111504869	0
4,704704705	0	0,112050282	0
4,71304638	0	0,120389349	0
4,721388055	0	0,138195244	0
4,72972973	0	0,169996219	0
4,738071405	0	0,212004365	0
4,74641308	0	0,259276589	0
4,754754755	0	0,307327584	0
4,76309643	0	0,341633577	0
4,771438105	0	0,35990061	0
4,77977978	0	0,369200993	0
4,788121455	0	0,378943726	0
4,79646313	0	0,380647068	0
4,804804805	0	0,380346706	0
4,81314648	0	0,380033425	0
4,821488155	0	0,379269497	0
4,82982983	0	0,379493798	0
4,838171505	0	0,378657013	0
4,84651318	0	0,381067397	0
4,854854855	0	0,380595752	0
4,86319653	0	0,379574024	0
4,871538205	0	0,379518665	0
4,87987988	0	0,379576038	0
4,888221555	0	0,380012268	0
4,89656323	0	0,379628426	0
4,904904905	0	0,380281661	0
4,91324658	0	0,380093485	0
4,921588255	0	0,3808563	0
4,92992993	0	0,380585443	0
4,938271605	0	0,381035818	0
4,94661328	0	0,381099881	0
4,954954955	0	0,380234176	0
4,96329663	0	0,379987373	0
4,971638305	0	0,3797655	0
4,97997998	0	0,379811647	0
4,988321655	0	0,380159966	0
4,99666333	0	0,379739844	0
5,005005005	0	0,379543861	0
5,01334668	0	0,379737367	0
5,021688355	0	0,379631907	0
5,03003003	0	0,3789423	0
5,038371705	0	0,37895603	0
5,04671338	0	0,379346097	0
5,055055055	0	0,379558866	0
5,06339673	0	0,379547205	0
5,071738405	0	0,379129812	0
5,08008008	0	0,379490081	0
5,088421755	0	0,379679739	0
5,09676343	0	0,379567737	0
5,105105105	0	0,379797484	0
5,11344678	0	0,379463059	0
5,121788455	0	0,379742075	0
5,13013013	0	0,380174211	0
5,138471805	0	0,379807468	0
5,14681348	0	0,379675745	0
5,155155155	0	0,379194817	0
5,16349683	0	0,378926097	0
5,171838505	0	0,379439646	0
5,18018018	0	0,380025711	0
5,188521855	0	0,380311211	0
5,19686353	0	0,383128609	0
5,205205205	0	0,413066081	0
5,21354688	0	0,461085926	0
5,221888555	0	0,542548588	0
5,23023023	0	0,62114612	0
5,238571905	0	0,676489564	0
5,24691358	0	0,713229173	0
5,255255255	0	0,737653299	0
5,26359693	0	0,754792174	0
5,271938605	0	0,766470099	0
5,28028028	0	0,774084297	0
5,288621955	0	0,777249525	0
5,29696363	0	0,779870685	0
5,305305305	0	0,778473236	0
5,31364698	0	0,778421842	0
5,321988655	0	0,77791795	0
5,33033033	0	0,777531522	0
5,338672005	0	0,7771996	0
5,34701368	0	0,776923231	0
5,355355355	0	0,77723024	0
5,36369703	0	0,777007316	0
5,372038705	0	0,777273091	0
5,38038038	0	0,777093393	0
5,388722055	0	0,77696563	0
5,39706373	0	0,776720499	0
5,405405405	0	0,776880716	0
5,41374708	0	0,777102295	0
5,422088755	0	0,77686083	0
5,43043043	0	0,777201116	0
5,438772105	0	0,777357179	0
5,44711378	0	0,777341761	0
5,455455455	0	0,777375769	0
5,46379713	0	0,777448762	0
5,472138805	0	0,777251919	0
5,48048048	0	0,777173912	0
5,488822155	0	0,777325695	0
5,49716383	0	0,777517539	0
5,505505506	0	0,777694086	0
5,513847181	0	0,777450172	0
5,522188856	0	0,777107754	0
5,530530531	0	0,777746002	0
5,538872206	0	0,777500256	0
5,547213881	0	0,77738264	0
5,555555556	0	0,777824738	0
5,563897231	0	0,777900462	0
5,572238906	0	0,778047701	0
5,580580581	0	0,777580868	0
5,588922256	0	0,77778316	0
5,597263931	0	0,777544114	0
5,605605606	0	0,777846626	0
5,613947281	0	0,777500839	0
5,622288956	0	0,777482671	0
5,630630631	0	0,77736019	0
5,638972306	0	0,777425765	0
5,647313981	0	0,777444198	0
5,655655656	0	0,77696203	0
5,663997331	0	0,777417224	0
5,672339006	0	0,777277085	0
5,680680681	0	0,7774232	0
5,689022356	0	0,777375008	0
5,697364031	0	0,777188244	0
5,705705706	0	0,776832103	0
5,714047381	0	0,77686686	0
5,722389056	0	0,777174905	0
5,730730731	0	0,777353829	0
5,739072406	0	0,777521845	0
5,747414081	0	0,776644675	0
5,755755756	0	0,777098676	0
5,764097431	0	0,777688073	0
5,772439106	0	0,789502495	0
5,780780781	0	0,816111355	0
5,789122456	0	0,857792606	0
5,797464131	0	0,894963112	0
5,805805806	0	0,918134155	0
5,814147481	0	0,935055858	0
5,822489156	0	0,947103561	0
5,830830831	0	0,952315097	0
5,839172506	0	0,957040896	0
5,847514181	0	0,958408191	0
5,855855856	0	0,960427214	0
5,864197531	0	0,96151154	0
5,872539206	0	0,961288001	0
5,880880881	0	0,961850587	0
5,889222556	0	0,961741801	0
5,897564231	0	0,96151787	0
5,905905906	0	0,961601668	0
5,914247581	0	0,961703106	0
5,922589256	0	0,961201835	0
5,930930931	0	0,961511085	0
5,939272606	0	0,961321293	0
5,947614281	0	0,961485454	0
5,955955956	0	0,961338397	0
5,964297631	0	0,960998209	0
5,972639306	0	0,960741958	0
5,980980981	0	0,960938868	0
5,989322656	0	0,960831186	0
5,997664331	0	0,960755283	0
6,006006006	0	0,960975486	0
6,014347681	0	0,961150588	0
6,022689356	0	0,961051438	0
6,031031031	0	0,961183529	0
6,039372706	0	0,961560933	0
6,047714381	0	0,961541068	0
6,056056056	0	0,961356384	0
6,064397731	0	0,96147908	0
6,072739406	0	0,961185768	0
6,081081081	0	0,961496969	0
6,089422756	0	0,96131949	0
6,097764431	0	0,961320949	0
6,106106106	0	0,961417774	0
6,114447781	0	0,961278171	0
6,122789456	0	0,961227198	0
6,131131131	0	0,960979761	0
6,139472806	0	0,961104061	0
6,147814481	0	0,961044855	0
6,156156156	0	0,961263051	0
6,164497831	0	0,961360712	0
6,172839506	0	0,961212901	0
6,181181181	0	0,961381321	0
6,189522856	0	0,96131448	0
6,197864531	0	0,961002925	0
6,206206206	0	0,961205242	0
6,214547881	0	0,961207412	0
6,222889556	0	0,960749321	0
6,231231231	0	0,960366011	0
6,239572906	0	0,961002252	0
6,247914581	0	0,964170455	0
6,256256256	0	0,971929773	0
6,264597931	0	0,97818094	0
6,272939606	0	0,979941154	0
6,281281281	0	0,980878657	0
6,289622956	0	0,981521525	0
6,297964631	0	0,981849399	0
6,306306306	0	0,98199852	0
6,314647981	0	0,982368619	0
6,322989656	0	0,982514173	0
6,331331331	0	0,982207584	0
6,339673006	0	0,981565826	0
6,348014681	0	0,981795544	0
6,356356356	0	0,981538962	0
6,364698031	0	0,981054284	0
6,373039706	0	0,980688122	0
6,381381381	0	0,980933233	0
6,389723056	0	0,980448787	0
6,398064731	0	0,980263407	0
6,406406406	0	0,980723481	0
6,414748081	0	0,980675645	0
6,423089756	0	0,980566456	0
6,431431431	0	0,980238711	0
6,439773106	0	0,980225829	0
6,448114781	0	0,980662548	0
6,456456456	0	0,980404615	0
6,464798131	0	0,980489214	0
6,473139806	0	0,980459633	0
6,481481481	0	0,980359486	0
6,489823156	0	0,980079545	0
6,498164831	0	0,980331121	0
6,506506507	0	0,98017544	0
6,514848182	0	0,980152999	0
6,523189857	0	0,980193292	0
6,531531532	0	0,980193411	0
6,539873207	0	0,980894219	0
6,548214882	0	0,993040067	0
6,556556557	0	1,005275557	0
6,564898232	0	1,011336093	0
6,573239907	0	1,014833199	0
6,581581582	0	1,017937316	0
6,589923257	0	1,020403652	0
6,598264932	0	1,022229338	0
6,606606607	0	1,026480709	0
6,614948282	0	1,026702396	0
6,623289957	0	1,027468747	0
6,631631632	0	1,027761741	0
6,639973307	0	1,02710119	0
6,648314982	0	1,02704128	0
6,656656657	0	1,027313074	0
6,664998332	0	1,027493748	0
6,673340007	0	1,028153326	0
6,681681682	0	1,028657583	0
6,690023357	0	1,030056708	0
6,698365032	0	1,033435652	0
6,706706707	0	1,037888128	0
6,715048382	0	1,040358541	0
6,723390057	0	1,039635912	0
6,731731732	0	1,048856896	0
6,740073407	0	1,061782954	0
6,748415082	0	1,074917005	0
6,756756757	0	1,07938119	0
6,765098432	0	1,081323114	0
6,773440107	0	1,08202761	0
6,781781782	0	1,082135161	0
6,790123457	0	1,081666739	0
6,798465132	0	1,080515456	0
6,806806807	0	1,080633249	0
6,815148482	0	1,081018014	0
6,823490157	0	1,081442275	0
6,831831832	0	1,081471709	0
6,840173507	0	1,08152301	0
6,848515182	0	1,08186864	0
6,856856857	0	1,081824325	0
6,865198532	0	1,082130973	0
6,873540207	0	1,082314136	0
6,881881882	0	1,08226074	0
6,890223557	0	1,082465744	0
6,898565232	0	1,082713924	0
6,906906907	0	1,082734163	0
6,915248582	0	1,082719517	0
6,923590257	0	1,08302488	0
6,931931932	0	1,083035339	0
6,940273607	0	1,082780855	0
6,948615282	0	1,082905164	0
6,956956957	0	1,082776205	0
6,965298632	0	1,082726238	0
6,973640307	0	1,082542336	0
6,981981982	0	1,082561339	0
6,990323657	0	1,082422804	0
6,998665332	0	1,082096442	0
7,007007007	0	1,08249878	0
7,015348682	0	1,083387019	0
7,023690357	0	1,08266942	0
7,032032032	0	1,081771719	0
7,040373707	0	1,08091516	0
7,048715382	0	1,09140804	0
7,057057057	0	1,11296911	0
7,065398732	0	1,123489004	0
7,073740407	0	1,13097163	0
7,082082082	0	1,144311931	0
7,090423757	0	1,147267404	0
7,098765432	0	1,14665503	0
7,107107107	0	1,14643231	0
7,115448782	0	1,146738271	0
7,123790457	0	1,147702722	0
7,132132132	0	1,147327517	0
7,140473807	0	1,147129644	0
7,148815482	0	1,146697143	0
7,157157157	0	1,1470418	0
7,165498832	0	1,146880626	0
7,173840507	0	1,147234328	0
7,182182182	0	1,147278645	0
7,190523857	0	1,147713935	0
7,198865532	0	1,148040862	0
7,207207207	0	1,148579064	0
7,215548882	0	1,149409063	0
7,223890557	0	1,150351195	0
7,232232232	0	1,146830003	0
7,240573907	0	1,147554845	0
7,248915582	0	1,148550998	0
7,257257257	0	1,149169762	0
7,265598932	0	1,150149305	0
7,273940607	0	1,151284643	0
7,282282282	0	1,150867555	0
7,290623957	0	1,151363927	0
7,298965632	0	1,149292499	0
7,307307307	0	1,148538152	0
7,315648982	0	1,147575193	0
7,323990657	0	1,147465475	0
7,332332332	0	1,147271984	0
7,340674007	0	1,147065881	0
7,349015682	0	1,146707526	0
7,357357357	0	1,146568881	0
7,365699032	0	1,146379229	0
7,374040707	0	1,146183231	0
7,382382382	0	1,146069669	0
7,390724057	0	1,145489252	0
7,399065732	0	1,145269265	0
7,407407407	0	1,145223608	0
7,415749082	0	1,139426381	0
7,424090757	0	1,119581449	0
7,432432432	0	1,060299156	0
7,440774107	0	1,002160678	0
7,449115782	0	0,964746862	0
7,457457457	0	0,927863172	0
7,465799132	0	0,915757546	0
7,474140807	0	0,888637452	0
7,482482482	0	0,878744462	0
7,490824157	0	0,872362381	0
7,499165832	0	0,870249385	0
7,507507508	0	0,871012077	0
7,515849183	0	0,872040671	0
7,524190858	0	0,871137479	0
7,532532533	0	0,870345659	0
7,540874208	0	0,870826585	0
7,549215883	0	0,870545348	0
7,557557558	0	0,870706561	0
7,565899233	0	0,870553362	0
7,574240908	0	0,870584705	0
7,582582583	0	0,870085098	0
7,590924258	0	0,871564486	0
7,599265933	0	0,870134483	0
7,607607608	0	0,871158722	0
7,615949283	0	0,870888617	0
7,624290958	0	0,87084385	0
7,632632633	0	0,870949848	0
7,640974308	0	0,870978473	0
7,649315983	0	0,869823493	0
7,657657658	0	0,851390178	0
7,665999333	0	0,816746908	0
7,674341008	0	0,709691093	0
7,682682683	0	0,656036654	0
7,691024358	0	0,603158083	0
7,699366033	0	0,574578563	0
7,707707708	0	0,55503919	0
7,716049383	0	0,539919848	0
7,724391058	0	0,536290614	0
7,732732733	0	0,536690721	0
7,741074408	0	0,537543202	0
7,749416083	0	0,537463562	0
7,757757758	0	0,53708516	0
7,766099433	0	0,536848074	0
7,774441108	0	0,536601286	0
7,782782783	0	0,537188532	0
7,791124458	0	0,53272402	0
7,799466133	0	0,534649028	0
7,807807808	0	0,535974704	0
7,816149483	0	0,536464291	0
7,824491158	0	0,536629339	0
7,832832833	0	0,536986205	0
7,841174508	0	0,537737204	0
7,849516183	0	0,537629975	0
7,857857858	0	0,537786456	0
7,866199533	0	0,53768545	0
7,874541208	0	0,537085108	0
7,882882883	0	0,53703206	0
7,891224558	0	0,537100065	0
7,899566233	0	0,536718376	0
7,907907908	0	0,515867052	0
7,916249583	0	0,46802619	0
7,924591258	0	0,426055476	0
7,932932933	0	0,400585622	0
7,941274608	0	0,385645297	0
7,949616283	0	0,378767248	0
7,957957958	0	0,372843885	0
7,966299633	0	0,369575623	0
7,974641308	0	0,36389003	0
7,982982983	0	0,362056967	0
7,991324658	0	0,360978736	0
7,999666333	0	0,359222144	0
8,008008008	0	0,359236689	0
8,016349683	0	0,359293985	0
8,024691358	0	0,358675826	0
8,033033033	0	0,358263336	0
8,041374708	0	0,359128905	0
8,049716383	0	0,358923865	0
8,058058058	0	0,358570476	0
8,066399733	0	0,35790468	0
8,074741408	0	0,35699364	0
8,083083083	0	0,357303461	0
8,091424758	0	0,357810434	0
8,099766433	0	0,35701439	0
8,108108108	0	0,358459081	0
8,116449783	0	0,358551673	0
8,124791458	0	0,357077054	0
8,133133133	0	0,351709768	0
8,141474808	0	0,351935099	0
8,149816483	0	0,342427668	0
8,158158158	0	0,335049607	0
8,166499833	0	0,327943168	0
8,174841508	0	0,322470771	0
8,183183183	0	0,316394716	0
8,191524858	0	0,313621223	0
8,199866533	0	0,313052078	0
8,208208208	0	0,310418317	0
8,216549883	0	0,308257768	0
8,224891558	0	0,306847838	0
8,233233233	0	0,305461931	0
8,241574908	0	0,305070914	0
8,249916583	0	0,304837053	0
8,258258258	0	0,304814544	0
8,266599933	0	0,304646978	0
8,274941608	0	0,305003261	0
8,283283283	0	0,304847624	0
8,291624958	0	0,305194752	0
8,299966633	0	0,305554402	0
8,308308308	0	0,305577135	0
8,316649983	0	0,305643905	0
8,324991658	0	0,305632415	0
8,333333333	0	0,305688838	0
8,341675008	0	0,305690913	0
8,350016683	0	0,30558608	0
8,358358358	0	0,30574417	0
8,366700033	0	0,3055483	0
8,375041708	0	0,305608085	0
8,383383383	0	0,305659802	0
8,391725058	0	0,305482242	0
8,400066733	0	0,305425991	0
8,408408408	0	0,305465381	0
8,416750083	0	0,305460054	0
8,425091758	0	0,305442533	0
8,433433433	0	0,305412056	0
8,441775108	0	0,305219759	0
8,450116783	0	0,305334527	0
8,458458458	0	0,3054163	0
8,466800133	0	0,305272691	0
8,475141808	0	0,305288348	0
8,483483483	0	0,305216264	0
8,491825158	0	0,305252729	0
8,500166834	0	0,305107425	0
8,508508509	0	0,305054463	0
8,516850184	0	0,304925437	0
8,525191859	0	0,304997243	0
8,533533534	0	0,305734316	0
8,541875209	0	0,315373843	0
8,550216884	0	0,345873401	0
8,558558559	0	0,394593213	0
8,566900234	0	0,438728543	0
8,575241909	0	0,475264292	0
8,583583584	0	0,502885984	0
8,591925259	0	0,518551767	0
8,600266934	0	0,526380484	0
8,608608609	0	0,529712395	0
8,616950284	0	0,530642045	0
8,625291959	0	0,52960018	0
8,633633634	0	0,528363378	0
8,641975309	0	0,528129384	0
8,650316984	0	0,527632163	0
8,658658659	0	0,527498193	0
8,667000334	0	0,527593205	0
8,675342009	0	0,52758408	0
8,683683684	0	0,527552271	0
8,692025359	0	0,527638469	0
8,700367034	0	0,527426826	0
8,708708709	0	0,527269403	0
8,717050384	0	0,527371278	0
8,725392059	0	0,527498588	0
8,733733734	0	0,527349057	0
8,742075409	0	0,527665872	0
8,750417084	0	0,52738009	0
8,758758759	0	0,527581701	0
8,767100434	0	0,527863177	0
8,775442109	0	0,527586589	0
8,783783784	0	0,527795328	0
8,792125459	0	0,527699141	0
8,800467134	0	0,527970029	0
8,808808809	0	0,527921412	0
8,817150484	0	0,527955014	0
8,825492159	0	0,527759423	0
8,833833834	0	0,527553417	0
8,842175509	0	0,527575927	0
8,850517184	0	0,527478745	0
8,858858859	0	0,527651476	0
8,867200534	0	0,527705025	0
8,875542209	0	0,52795445	0
8,883883884	0	0,531165011	0
8,892225559	0	0,551040776	0
8,900567234	0	0,589707417	0
8,908908909	0	0,612747185	0
8,917250584	0	0,624767755	0
8,925592259	0	0,634961533	0
8,933933934	0	0,640561362	0
8,942275609	0	0,643043444	0
8,950617284	0	0,647628723	0
8,958958959	0	0,648642827	0
8,967300634	0	0,648638891	0
8,975642309	0	0,649084304	0
8,983983984	0	0,649111572	0
8,992325659	0	0,648809136	0
9,000667334	0	0,648115874	0
9,009009009	0	0,648798874	0
9,017350684	0	0,648501749	0
9,025692359	0	0,648003997	0
9,034034034	0	0,648094367	0
9,042375709	0	0,648630808	0
9,050717384	0	0,648125018	0
9,059059059	0	0,648426048	0
9,067400734	0	0,648537709	0
9,075742409	0	0,64844052	0
9,084084084	0	0,648914349	0
9,092425759	0	0,648668342	0
9,100767434	0	0,648949161	0
9,109109109	0	0,648491817	0
9,117450784	0	0,648862485	0
9,125792459	0	0,648671213	0
9,134134134	0	0,648857134	0
9,142475809	0	0,64835229	0
9,150817484	0	0,65106028	0
9,159159159	0	0,665530911	0
9,167500834	0	0,702620867	0
9,175842509	0	0,742106069	0
9,184184184	0	0,759587233	0
9,192525859	0	0,787473988	0
9,200867534	0	0,807788668	0
9,209209209	0	0,842843741	0
9,217550884	0	0,851147674	0
9,225892559	0	0,85241041	0
9,234234234	0	0,852806369	0
9,242575909	0	0,853331554	0
9,250917584	0	0,851861238	0
9,259259259	0	0,849946422	0
9,267600934	0	0,849951234	0
9,275942609	0	0,848110259	0
9,284284284	0	0,844382685	0
9,292625959	0	0,842401304	0
9,300967634	0	0,841746008	0
9,309309309	0	0,841367707	0
9,317650984	0	0,840273622	0
9,325992659	0	0,840659804	0
9,334334334	0	0,840298228	0
9,342676009	0	0,840935384	0
9,351017684	0	0,841050705	0
9,359359359	0	0,841427665	0
9,367701034	0	0,84147211	0
9,376042709	0	0,841250112	0
9,384384384	0	0,83822525	0
9,392726059	0	0,838774205	0
9,401067734	0	0,838261716	0
9,409409409	0	0,839551151	0
9,417751084	0	0,84008359	0
9,426092759	0	0,841596944	0
9,434434434	0	0,841848805	0
9,442776109	0	0,840895961	0
9,451117784	0	0,841594577	0
9,459459459	0	0,84140909	0
9,467801134	0	0,841649222	0
9,476142809	0	0,84156325	0
9,484484484	0	0,841213995	0
9,492826159	0	0,840785137	0
9,501167835	0	0,841214871	0
9,50950951	0	0,838244359	0
9,517851185	0	0,823410896	0
9,52619286	0	0,772199799	0
9,534534535	0	0,736443069	0
9,54287621	0	0,720520884	0
9,551217885	0	0,707693617	0
9,55955956	0	0,700629238	0
9,567901235	0	0,694491821	0
9,57624291	0	0,690939883	0
9,584584585	0	0,688091273	0
9,59292626	0	0,685678674	0
9,601267935	0	0,684547643	0
9,60960961	0	0,683990309	0
9,617951285	0	0,683797557	0
9,62629296	0	0,684021736	0
9,634634635	0	0,684274825	0
9,64297631	0	0,684065776	0
9,651317985	0	0,683943439	0
9,65965966	0	0,682777318	0
9,668001335	0	0,6845231	0
9,67634301	0	0,684732087	0
9,684684685	0	0,68536874	0
9,69302636	0	0,685215544	0
9,701368035	0	0,6859021	0
9,70970971	0	0,68515879	0
9,718051385	0	0,685601837	0
9,72639306	0	0,685659767	0
9,734734735	0	0,685485781	0
9,74307641	0	0,685056401	0
9,751418085	0	0,68567897	0
9,75975976	0	0,68538197	0
9,768101435	0	0,685358961	0
9,77644311	0	0,685294168	0
9,784784785	0	0,685159167	0
9,79312646	0	0,685205899	0
9,801468135	0	0,685495531	0
9,80980981	0	0,685093822	0
9,818151485	0	0,684793521	0
9,82649316	0	0,684671103	0
9,834834835	0	0,68501612	0
9,84317651	0	0,684661802	0
9,851518185	0	0,684808552	0
9,85985986	0	0,684692877	0
9,868201535	0	0,68432175	0
9,87654321	0	0,684104242	0
9,884884885	0	0,684072116	0
9,89322656	0	0,683928098	0
9,901568235	0	0,684299735	0
9,90990991	0	0,684270208	0
9,918251585	0	0,684432691	0
9,92659326	0	0,684176241	0
9,934934935	0	0,684381342	0
9,94327661	0	0,684348195	0
9,951618285	0	0,684333684	0
9,95995996	0	0,684380832	0
9,968301635	0	0,684266944	0
9,97664331	0	0,684284854	0
9,984984985	0	0,684405578	0
9,99332666	0	0,684344338	0
10,00166834	0	0,684215243	0
10,01001001	0	0,684321394	0
10,01835169	0	0,684489846	0
10,02669336	0	0,684309328	0
10,03503504	0	0,684425848	0
10,04337671	0	0,684357847	0
10,05171839	0	0,684345391	0
10,06006006	0	0,684584339	0
10,06840174	0	0,684714736	0
10,07674341	0	0,685200367	0
10,08508509	0	0,695111472	0
10,09342676	0	0,720590024	0
10,10176844	0	0,753289272	0
10,11011011	0	0,781761639	0
10,11845179	0	0,804701527	0
10,12679346	0	0,820613103	0
10,13513514	0	0,828691664	0
10,14347681	0	0,833431892	0
10,15181849	0	0,83592263	0
10,16016016	0	0,834758509	0
10,16850184	0	0,833231331	0
10,17684351	0	0,834271167	0
10,18518519	0	0,833243813	0
10,19352686	0	0,832984982	0
10,20186854	0	0,83289855	0
10,21021021	0	0,832917583	0
10,21855189	0	0,832747174	0
10,22689356	0	0,832485229	0
10,23523524	0	0,832572758	0
10,24357691	0	0,832352616	0
10,25191859	0	0,832086883	0
10,26026026	0	0,83223638	0
10,26860194	0	0,832445602	0
10,27694361	0	0,832214043	0
10,28528529	0	0,832039869	0
10,29362696	0	0,831682182	0
10,30196864	0	0,831920962	0
10,31031031	0	0,831522057	0
10,31865199	0	0,831172396	0
10,32699366	0	0,831634634	0
10,33533534	0	0,83129077	0
10,34367701	0	0,831490418	0
10,35201869	0	0,831710612	0
10,36036036	0	0,831742757	0
10,36870204	0	0,831891597	0
10,37704371	0	0,832768075	0
10,38538539	0	0,844112542	0
10,39372706	0	0,887496602	0
10,40206874	0	0,922982868	0
10,41041041	0	0,95906738	0
10,41875209	0	0,977995865	0
10,42709376	0	0,986021145	0
10,43543544	0	0,998382419	0
10,44377711	0	0,999567714	0
10,45211879	0	0,999834486	0
10,46046046	0	0,99947031	0
10,46880214	0	0,998557271	0
10,47714381	0	0,998599747	0
10,48548549	0	1,000022332	0
10,49382716	0	1,003763149	0
10,50216884	0	1,006267938	0
10,51051051	0	1,006410201	0
10,51885219	0	0,999640694	0
10,52719386	0	0,99469281	0
10,53553554	0	0,99402822	0
10,54387721	0	0,991942131	0
10,55221889	0	0,992001139	0
10,56056056	0	0,992905921	0
10,56890224	0	0,992211023	0
10,57724391	0	0,991899053	0
10,58558559	0	0,990823243	0
10,59392726	0	0,99160923	0
10,60226894	0	0,990133817	0
10,61061061	0	0,989886871	0
10,61895229	0	0,989537905	0
10,62729396	0	0,98920978	0
10,63563564	0	0,989495038	0
10,64397731	0	0,989557767	0
10,65231899	0	0,989527042	0
10,66066066	0	0,989556928	0
10,66900234	0	0,989597196	0
10,67734401	0	0,989599827	0
10,68568569	0	0,989617363	0
10,69402736	0	0,989716883	0
10,70236904	0	0,989607116	0
10,71071071	0	0,989409589	0
10,71905239	0	0,989515367	0
10,72739406	0	0,989541822	0
10,73573574	0	0,98951907	0
10,74407741	0	0,989440568	0
10,75241909	0	0,989400667	0
10,76076076	0	0,989572437	0
10,76910244	0	0,989679467	0
10,77744411	0	0,989598843	0
10,78578579	0	0,989629561	0
10,79412746	0	0,989566493	0
10,80246914	0	0,989592603	0
10,81081081	0	0,989567462	0
10,81915249	0	0,989559503	0
10,82749416	0	0,989698512	0
10,83583584	0	0,989737773	0
10,84417751	0	0,989786012	0
10,85251919	0	0,989850239	0
10,86086086	0	0,989749997	0
10,86920254	0	0,989811591	0
10,87754421	0	0,989733413	0
10,88588589	0	0,989785291	0
10,89422756	0	0,98981267	0
10,90256924	0	0,989733528	0
10,91091091	0	0,98978692	0
10,91925259	0	0,989719642	0
10,92759426	0	0,989698257	0
10,93593594	0	0,989716754	0
10,94427761	0	0,989630547	0
10,95261929	0	0,992366108	0
10,96096096	0	0,995246205	0
10,96930264	0	0,998452526	0
10,97764431	0	0,998947253	0
10,98598599	0	0,999035799	0
10,99432766	0	0,999513039	0
11,00266934	0	0,999553453	0
11,01101101	0	0,999261436	0
11,01935269	0	0,999194493	0
11,02769436	0	0,999085946	0
11,03603604	0	0,999033463	0
11,04437771	0	0,999054503	0
11,05271939	0	0,998970534	0
11,06106106	0	0,998864555	0
11,06940274	0	0,999012509	0
11,07774441	0	0,998920473	0
11,08608609	0	0,998849816	0
11,09442776	0	0,998808512	0
11,10276944	0	0,998865722	0
11,11111111	0	0,99887723	0
11,11945279	0	0,998797621	0
11,12779446	0	0,998641932	0
11,13613614	0	0,998338488	0
11,14447781	0	0,998053368	0
11,15281949	0	0,997835189	0
11,16116116	0	0,997928136	0
11,16950284	0	0,997769466	0
11,17784451	0	0,997901416	0
11,18618619	0	0,997788408	0
11,19452786	0	0,998063559	0
11,20286954	0	0,997698725	0
11,21121121	0	0,997308795	0
11,21955289	0	0,997131269	0
11,22789456	0	0,9971418	0
11,23623624	0	0,997100959	0
11,24457791	0	0,996698102	0
11,25291959	0	0,99611837	0
11,26126126	0	0,995427929	0
11,26960294	0	0,996138148	0
11,27794461	0	0,995584467	0
11,28628629	0	0,995414874	0
11,29462796	0	0,996181762	0
11,30296964	0	0,996508083	0
11,31131131	0	0,997212733	0
11,31965299	0	0,997023985	0
11,32799466	0	0,99726996	0
11,33633634	0	0,99765711	0
11,34467801	0	0,998125676	0
11,35301969	0	0,998321559	0
11,36136136	0	0,998408809	0
11,36970304	0	0,998248631	0
11,37804471	0	0,998215313	0
11,38638639	0	0,998375166	0
11,39472806	0	0,998453294	0
11,40306974	0	0,998389107	0
11,41141141	0	0,998515266	0
11,41975309	0	0,998562339	0
11,42809476	0	0,998695506	0
11,43643644	0	0,998637395	0
11,44477811	0	0,998742907	0
11,45311979	0	0,998758977	0
11,46146146	0	0,9987338	0
11,46980314	0	0,99881263	0
11,47814481	0	0,998737324	0
11,48648649	0	0,998908065	0
11,49482816	0	0,99894306	0
11,50316984	0	0,998964192	0
11,51151151	0	0,998852989	0
11,51985319	0	0,999064193	0
11,52819486	0	0,998959728	0
11,53653654	0	0,999023704	0
11,54487821	0	0,998969822	0
11,55321989	0	0,999003469	0
11,56156156	0	0,999062483	0
11,56990324	0	0,999119652	0
11,57824491	0	0,999137538	0
11,58658659	0	0,999088109	0
11,59492826	0	0,999139172	0
11,60326994	0	0,999153279	0
11,61161161	0	0,999118093	0
11,61995329	0	0,999107487	0
11,62829496	0	0,999188589	0
11,63663664	0	0,999070168	0
11,64497831	0	0,999090714	0
11,65331999	0	0,99896405	0
11,66166166	0	0,998932263	0
11,67000334	0	0,998983512	0
11,67834501	0	0,998872168	0
11,68668669	0	0,998922285	0
11,69502836	0	0,998994204	0
11,70337004	0	0,998835717	0
11,71171171	0	0,998885447	0
11,72005339	0	0,998901375	0
11,72839506	0	0,99891953	0
11,73673674	0	0,998783651	0
11,74507841	0	0,998584889	0
11,75342009	0	0,99673032	0
11,76176176	0	0,984321388	0
11,77010344	0	0,978795009	0
11,77844511	0	0,974917416	0
11,78678679	0	0,978616358	0
11,79512846	0	0,9777547	0
11,80347014	0	0,978170311	0
11,81181181	0	0,978594493	0
11,82015349	0	0,978224552	0
11,82849516	0	0,978454596	0
11,83683684	0	0,978954826	0
11,84517851	0	0,979059528	0
11,85352019	0	0,978784331	0
11,86186186	0	0,978713874	0
11,87020354	0	0,979045698	0
11,87854521	0	0,979615187	0
11,88688689	0	0,979561483	0
11,89522856	0	0,979901377	0
11,90357024	0	0,979905288	0
11,91191191	0	0,980064871	0
11,92025359	0	0,979994974	0
11,92859526	0	0,980175889	0
11,93693694	0	0,980097012	0
11,94527861	0	0,979898822	0
11,95362029	0	0,980005763	0
11,96196196	0	0,979939628	0
11,97030364	0	0,979931211	0
11,97864531	0	0,979875	0
11,98698699	0	0,979995721	0
11,99532866	0	0,98000525	0
12,00367034	0	0,980010032	0
12,01201201	0	0,979844805	0
12,02035369	0	0,979828969	0
12,02869536	0	0,979982151	0
12,03703704	0	0,979874681	0
12,04537871	0	0,980023815	0
12,05372039	0	0,979944005	0
12,06206206	0	0,980062136	0
12,07040374	0	0,980090433	0
12,07874541	0	0,980096243	0
12,08708709	0	0,980036133	0
12,09542876	0	0,980128186	0
12,10377044	0	0,98020281	0
12,11211211	0	0,980237899	0
12,12045379	0	0,979780657	0
12,12879546	0	0,980196058	0
12,13713714	0	0,980027635	0
12,14547881	0	0,979903826	0
12,15382049	0	0,980133378	0
12,16216216	0	0,980373592	0
12,17050384	0	0,980332821	0
12,17884551	0	0,98040733	0
12,18718719	0	0,980531805	0
12,19552886	0	0,980865909	0
12,20387054	0	0,987200939	0
12,21221221	0	0,990122073	0
12,22055389	0	0,988669119	0
12,22889556	0	0,989517158	0
12,23723724	0	0,988983032	0
12,24557891	0	0,989197153	0
12,25392059	0	0,989273544	0
12,26226226	0	0,9892846	0
12,27060394	0	0,989454198	0
12,27894561	0	0,989498204	0
12,28728729	0	0,989564438	0
12,29562896	0	0,98948419	0
12,30397064	0	0,989544637	0
12,31231231	0	0,989490578	0
12,32065399	0	0,989544542	0
12,32899566	0	0,989650228	0
12,33733734	0	0,98958073	0
12,34567901	0	0,989576106	0
12,35402069	0	0,989551255	0
12,36236236	0	0,989473131	0
12,37070404	0	0,989506372	0
12,37904571	0	0,989341377	0
12,38738739	0	0,989210332	0
12,39572906	0	0,98927717	0
12,40407074	0	0,989285768	0
12,41241241	0	0,989204518	0
12,42075409	0	0,989258796	0
12,42909576	0	0,989256873	0
12,43743744	0	0,989382281	0
12,44577911	0	0,989212112	0
12,45412079	0	0,989313479	0
12,46246246	0	0,989252345	0
12,47080414	0	0,989243615	0
12,47914581	0	0,989304199	0
12,48748749	0	0,989281767	0
12,49582916	0	0,989411291	0
12,50417084	0	0,989293242	0
12,51251251	0	0,989194987	0
12,52085419	0	0,989098843	0
12,52919586	0	0,989124147	0
12,53753754	0	0,987858443	0
12,54587921	0	0,986370281	0
12,55422089	0	0,988611836	0
12,56256256	0	0,98848668	0
12,57090424	0	0,98867777	0
12,57924591	0	0,989283404	0
12,58758759	0	0,989228474	0
12,59592926	0	0,989311038	0
12,60427094	0	0,989382399	0
12,61261261	0	0,989346831	0
12,62095429	0	0,989370091	0
12,62929596	0	0,989483875	0
12,63763764	0	0,989288597	0
12,64597931	0	0,989408173	0
12,65432099	0	0,989445622	0
12,66266266	0	0,989467445	0
12,67100434	0	0,989280288	0
12,67934601	0	0,989449445	0
12,68768769	0	0,989472889	0
12,69602936	0	0,989455507	0
12,70437104	0	0,989529145	0
12,71271271	0	0,989527273	0
12,72105439	0	0,989566812	0
12,72939606	0	0,989507583	0
12,73773774	0	0,989451209	0
12,74607941	0	0,989431115	0
12,75442109	0	0,98947473	0
12,76276276	0	0,989507634	0
12,77110444	0	0,989601219	0
12,77944611	0	0,989420692	0
12,78778779	0	0,989472301	0
12,79612946	0	0,989436842	0
12,80447114	0	0,989481142	0
12,81281281	0	0,989343705	0
12,82115449	0	0,989431023	0
12,82949616	0	0,98939726	0
12,83783784	0	0,989486597	0
12,84617951	0	0,989467518	0
12,85452119	0	0,989379142	0
12,86286286	0	0,989324783	0
12,87120454	0	0,989328716	0
12,87954621	0	0,98942538	0
12,88788789	0	0,989361769	0
12,89622956	0	0,989287395	0
12,90457124	0	0,989301496	0
12,91291291	0	0,989342988	0
12,92125459	0	0,989497442	0
12,92959626	0	0,989236806	0
12,93793794	0	0,989279859	0
12,94627961	0	0,989331029	0
12,95462129	0	0,988846629	0
12,96296296	0	0,984394967	0
12,97130464	0	0,979189301	0
12,97964631	0	0,959947334	0
12,98798799	0	0,929127779	0
12,99632966	0	0,897537968	0
13,00467134	0	0,870560872	0
13,01301301	0	0,848092327	0
13,02135469	0	0,83364757	0
13,02969636	0	0,819668421	0
13,03803804	0	0,817056254	0
13,04637971	0	0,813759882	0
13,05472139	0	0,813532714	0
13,06306306	0	0,814086183	0
13,07140474	0	0,814028978	0
13,07974641	0	0,813953574	0
13,08808809	0	0,81394598	0
13,09642976	0	0,814010219	0
13,10477144	0	0,81393459	0
13,11311311	0	0,813944113	0
13,12145479	0	0,813923751	0
13,12979646	0	0,813990423	0
13,13813814	0	0,813868406	0
13,14647981	0	0,813805684	0
13,15482149	0	0,81365576	0
13,16316316	0	0,813584589	0
13,17150484	0	0,813718187	0
13,17984651	0	0,813711106	0
13,18818819	0	0,813827833	0
13,19652986	0	0,813797417	0
13,20487154	0	0,813797304	0
13,21321321	0	0,813701741	0
13,22155489	0	0,813610669	0
13,22989656	0	0,813502966	0
13,23823824	0	0,813637401	0
13,24657991	0	0,813678858	0
13,25492159	0	0,813826665	0
13,26326326	0	0,813862048	0
13,27160494	0	0,813869007	0
13,27994661	0	0,813836892	0
13,28828829	0	0,813856311	0
13,29662996	0	0,813764285	0
13,30497164	0	0,813783575	0
13,31331331	0	0,813787769	0
13,32165499	0	0,813936633	0
13,32999666	0	0,813967487	0
13,33833834	0	0,813967397	0
13,34668001	0	0,814069007	0
13,35502169	0	0,820864551	0
13,36336336	0	0,834037307	0
13,37170504	0	0,851899593	0
13,38004671	0	0,868022401	0
13,38838839	0	0,887722299	0
13,39673006	0	0,897937568	0
13,40507174	0	0,91196576	0
13,41341341	0	0,9190352	0
13,42175509	0	0,922733616	0
13,43009676	0	0,924325532	0
13,43843844	0	0,925558585	0
13,44678011	0	0,925924185	0
13,45512179	0	0,926306294	0
13,46346346	0	0,925888002	0
13,47180514	0	0,925754677	0
13,48014681	0	0,926098154	0
13,48848849	0	0,935113727	0
13,49683016	0	0,934684573	0
13,50517184	0	0,934511339	0
13,51351351	0	0,934679277	0
13,52185519	0	0,935020481	0
13,53019686	0	0,934250052	0
13,53853854	0	0,934694627	0
13,54688021	0	0,934689576	0
13,55522189	0	0,934538573	0
13,56356356	0	0,934645795	0
13,57190524	0	0,934299473	0
13,58024691	0	0,934041989	0
13,58858859	0	0,933726253	0
13,59693026	0	0,933805276	0
13,60527194	0	0,93402475	0
13,61361361	0	0,933456411	0
13,62195529	0	0,933668356	0
13,63029696	0	0,933634697	0
13,63863864	0	0,933158604	0
13,64698031	0	0,933634626	0
13,65532199	0	0,933521876	0
13,66366366	0	0,934111859	0
13,67200534	0	0,933585624	0
13,68034701	0	0,933395153	0
13,68868869	0	0,932636436	0
13,69703036	0	0,932747735	0
13,70537204	0	0,933806163	0
13,71371371	0	0,934017908	0
13,72205539	0	0,934019871	0
13,73039706	0	0,931191595	0
13,73873874	0	0,934167876	0
13,74708041	0	0,942789983	0
13,75542209	0	0,944756928	0
13,76376376	0	0,955085347	0
13,77210544	0	0,959867885	0
13,78044711	0	0,951092657	0
13,78878879	0	0,952682599	0
13,79713046	0	0,953415806	0
13,80547214	0	0,95327868	0
13,81381381	0	0,952685472	0
13,82215549	0	0,951884173	0
13,83049716	0	0,951622306	0
13,83883884	0	0,949413438	0
13,84718051	0	0,950322555	0
13,85552219	0	0,950483055	0
13,86386386	0	0,949861253	0
13,87220554	0	0,951385324	0
13,88054721	0	0,949716789	0
13,88888889	0	0,948740013	0
13,89723056	0	0,950779495	0
13,90557224	0	0,951188629	0
13,91391391	0	0,951225988	0
13,92225559	0	0,950731582	0
13,93059726	0	0,951111386	0
13,93893894	0	0,949788011	0
13,94728061	0	0,949824172	0
13,95562229	0	0,950012103	0
13,96396396	0	0,949930684	0
13,97230564	0	0,949835148	0
13,98064731	0	0,950687409	0
13,98898899	0	0,950474072	0
13,99733066	0	0,95079854	0
14,00567234	0	0,950337489	0
14,01401401	0	0,951276591	0
14,02235569	0	0,951097868	0
14,03069736	0	0,951496834	0
14,03903904	0	0,951384645	0
14,04738071	0	0,951702639	0
14,05572239	0	0,952016248	0
14,06406406	0	0,952300158	0
14,07240574	0	0,952073511	0
14,08074741	0	0,953416798	0
14,08908909	0	0,960494344	0
14,09743076	0	0,975573198	0
14,10577244	0	0,979374705	0
14,11411411	0	0,982975088	0
14,12245579	0	0,981900132	0
14,13079746	0	0,986510035	0
14,13913914	0	0,979105753	0
14,14748081	0	0,978954008	0
14,15582249	0	0,97678213	0
14,16416416	0	0,976954815	0
14,17250584	0	0,975051279	0
14,18084751	0	0,972885434	0
14,18918919	0	0,9712593	0
14,19753086	0	0,97082219	0
14,20587254	0	0,970561323	0
14,21421421	0	0,97032983	0
14,22255589	0	0,970421506	0
14,23089756	0	0,97016214	0
14,23923924	0	0,969916226	0
14,24758091	0	0,970041563	0
14,25592259	0	0,969567342	0
14,26426426	0	0,969956675	0
14,27260594	0	0,969873196	0
14,28094761	0	0,969537307	0
14,28928929	0	0,969509041	0
14,29763096	0	0,969654832	0
14,30597264	0	0,97012956	0
14,31431431	0	0,969286189	0
14,32265599	0	0,969131945	0
14,33099766	0	0,969860811	0
14,33933934	0	0,968913991	0
14,34768101	0	0,968980555	0
14,35602269	0	0,970104529	0
14,36436436	0	0,970234639	0
14,37270604	0	0,970121811	0
14,38104771	0	0,969633567	0
14,38938939	0	0,969508448	0
14,39773106	0	0,969820444	0
14,40607274	0	0,96988382	0
14,41441441	0	0,969897152	0
14,42275609	0	0,971981763	0
14,43109776	0	0,978599989	0
14,43943944	0	0,980237355	0
14,44778111	0	0,979534978	0
14,45612279	0	0,979741886	0
14,46446446	0	0,979941836	0
14,47280614	0	0,979531607	0
14,48114781	0	0,979584985	0
14,48948949	0	0,979183	0
14,49783116	0	0,97912534	0
14,50617284	0	0,978956525	0
14,51451451	0	0,979113865	0
14,52285619	0	0,97955553	0
14,53119786	0	0,979252093	0
14,53953954	0	0,977731753	0
14,54788121	0	0,978243924	0
14,55622289	0	0,97747272	0
14,56456456	0	0,977124148	0
14,57290624	0	0,977129133	0
14,58124791	0	0,97715705	0
14,58958959	0	0,977604129	0
14,59793126	0	0,977207596	0
14,60627294	0	0,975909558	0
14,61461461	0	0,977304946	0
14,62295629	0	0,975137384	0
14,63129796	0	0,973579694	0
14,63963964	0	0,971694529	0
14,64798131	0	0,971350681	0
14,65632299	0	0,971037846	0
14,66466466	0	0,97085928	0
14,67300634	0	0,970528769	0
14,68134801	0	0,970413201	0
14,68968969	0	0,970412305	0
14,69803136	0	0,970599359	0
14,70637304	0	0,970180991	0
14,71471471	0	0,970292794	0
14,72305639	0	0,969951744	0
14,73139806	0	0,970078334	0
14,73973974	0	0,969927292	0
14,74808141	0	0,969648454	0
14,75642309	0	0,970208511	0
14,76476476	0	0,970035671	0
14,77310644	0	0,962090357	0
14,78144811	0	0,943313838	0
14,78978979	0	0,917643179	0
14,79813146	0	0,855815185	0
14,80647314	0	1,104336124	0
14,81481481	0	1,155418779	0
14,82315649	0	1,15054161	0
14,83149816	0	1,147462049	0
14,83983984	0	1,141389266	0
14,84818151	0	1,13898068	0
14,85652319	0	1,138260863	0
14,86486486	0	1,138325908	0
14,87320654	0	1,138799545	0
14,88154821	0	1,139502096	0
14,88988989	0	1,139784175	0
14,89823156	0	1,139717782	0
14,90657324	0	1,139019685	0
14,91491491	0	1,139018626	0
14,92325659	0	1,138571785	0
14,93159826	0	1,138639386	0
14,93993994	0	1,138748665	0
14,94828161	0	1,138723237	0
14,95662329	0	1,138840254	0
14,96496496	0	1,138416644	0
14,97330664	0	1,138475573	0
14,98164831	0	1,138543184	0
14,98998999	0	1,138829251	0