0,008341675	0	0,851817452	0
0,01668335	0	0,851126986	0
0,025025025	0	0,851172932	0
0,0333667	0	0,863097555	0
0,041708375	0	0,915211174	0
0,05005005	0	0,968871611	0
0,058391725	0	0,999205611	0
0,0667334	0	0,999354606	0
0,075075075	0	0,998471121	0
0,08341675	0	0,997657103	0
0,091758425	0	0,999284077	0
0,1001001	0	1	0
0,108441775	0	0,991891739	0
0,11678345	0	0,991967042	0
0,125125125	0	0,991887378	0
0,1334668	0	0,992269587	0
0,141808475	0	0,991941814	0
0,15015015	0	0,992292634	0
0,158491825	0	0,991984286	0
0,1668335	0	0,992143381	0
0,175175175	0	0,992138422	0
0,18351685	0	0,991182659	0
0,191858525	0	0,991647717	0
0,2002002	0	0,991364962	0
0,208541875	0	0,991129496	0
0,21688355	0	0,990853824	0
0,225225225	0	0,991028306	0
0,2335669	0	0,990362414	0
0,241908575	0	0,990765273	0
0,25025025	0	0,990775177	0
0,258591925	0	0,990537655	0
0,2669336	0	0,991063174	0
0,275275275	0	0,990635676	0
0,28361695	0	0,990911068	0
0,291958625	0	0,991176275	0
0,3003003	0	0,991518049	0
0,308641975	0	0,99132831	0
0,31698365	0	0,991002783	0
0,325325325	0	0,991313789	0
0,333667	0	0,991617995	0
0,342008675	0	0,991646043	0
0,35035035	0	0,991500612	0
0,358692025	0	0,991739224	0
0,3670337	0	0,991937766	0
0,375375375	0	0,991901353	0
0,38371705	0	0,992097642	0
0,392058725	0	0,991620136	0
0,4004004	0	0,991674229	0
0,408742075	0	0,991795975	0
0,41708375	0	0,991792413	0
0,425425425	0	0,991822237	0
0,4337671	0	0,991953866	0
0,442108775	0	0,991902387	0
0,45045045	0	0,982661528	0
0,458792125	0	0,949072185	0
0,4671338	0	0,869274887	0
0,475475475	0	0,742363294	0
0,48381715	0	0,628165914	0
0,492158825	0	0,549260248	0
0,500500501	0	0,500079783	0
0,508842176	0	0,483372066	0
0,517183851	0	0,473285258	0
0,525525526	0	0,466536454	0
0,533867201	0	0,464628321	0
0,542208876	0	0,464984517	0
0,550550551	0	0,465010011	0
0,558892226	0	0,464956485	0
0,567233901	0	0,464696026	0
0,575575576	0	0,464666312	0
0,583917251	0	0,464461871	0
0,592258926	0	0,464788571	0
0,600600601	0	0,464717904	0
0,608942276	0	0,465115669	0
0,617283951	0	0,465180596	0
0,625625626	0	0,465481419	0
0,633967301	0	0,465668877	0
0,642308976	0	0,465700866	0
0,650650651	0	0,466130197	0
0,658992326	0	0,466237822	0
0,667334001	0	0,46577347	0
0,675675676	0	0,465622855	0
0,684017351	0	0,465536022	0
0,692359026	0	0,46540752	0
0,700700701	0	0,464703873	0
0,709042376	0	0,464661416	0
0,717384051	0	0,464324401	0
0,725725726	0	0,464304034	0
0,734067401	0	0,464317136	0
0,742409076	0	0,464261259	0
0,750750751	0	0,464205679	0
0,759092426	0	0,459010597	0
0,767434101	0	0,436826643	0
0,775775776	0	0,383712931	0
0,784117451	0	0,31913293	0
0,792459126	0	0,294515988	0
0,800800801	0	0,276484406	0
0,809142476	0	0,262578416	0
0,817484151	0	0,259081692	0
0,825825826	0	0,259998787	0
0,834167501	0	0,261471525	0
0,842509176	0	0,264319963	0
0,850850851	0	0,266448042	0
0,859192526	0	0,269931145	0
0,867534201	0	0,27078714	0
0,875875876	0	0,271105605	0
0,884217551	0	0,271062	0
0,892559226	0	0,271060892	0
0,900900901	0	0,270786772	0
0,909242576	0	0,270426429	0
0,917584251	0	0,270089407	0
0,925925926	0	0,269844421	0
0,934267601	0	0,27006029	0
0,942609276	0	0,269284708	0
0,950950951	0	0,269397291	0
0,959292626	0	0,269658618	0
0,967634301	0	0,2695843	0
0,975975976	0	0,269536022	0
0,984317651	0	0,269680115	0
0,992659326	0	0,269888875	0
1,001001001	0	0,269182242	0
1,009342676	0	0,270238158	0
1,017684351	0	0,270378123	0
1,026026026	0	0,270519926	0
1,034367701	0	0,270749874	0
1,042709376	0	0,270667804	0
1,051051051	0	0,270812755	0
1,059392726	0	0,271176165	0
1,067734401	0	0,272039358	0
1,076076076	0	0,289947547	0
1,084417751	0	0,339998004	0
1,092759426	0	0,401563031	0
1,101101101	0	0,452457982	0
1,109442776	0	0,475509878	0
1,117784451	0	0,487264579	0
1,126126126	0	0,495933736	0
1,134467801	0	0,505081335	0
1,142809476	0	0,509415204	0
1,151151151	0	0,51220354	0
1,159492826	0	0,513301957	0
1,167834501	0	0,516537802	0
1,176176176	0	0,517026446	0
1,184517851	0	0,517387005	0
1,192859526	0	0,517498432	0
1,201201201	0	0,517612708	0
1,209542876	0	0,517397341	0
1,217884551	0	0,517803773	0
1,226226226	0	0,517523062	0
1,234567901	0	0,51754395	0
1,242909576	0	0,517902191	0
1,251251251	0	0,517698407	0
1,259592926	0	0,517453212	0
1,267934601	0	0,517333606	0
1,276276276	0	0,517469394	0
1,284617951	0	0,517262868	0
1,292959626	0	0,517347267	0
1,301301301	0	0,517263978	0
1,309642976	0	0,517392699	0
1,317984651	0	0,516850702	0
1,326326326	0	0,517275973	0
1,334668001	0	0,51725118	0
1,343009676	0	0,517096	0
1,351351351	0	0,51714386	0
1,359693026	0	0,517256862	0
1,368034701	0	0,517285648	0
1,376376376	0	0,517227047	0
1,384718051	0	0,517081633	0
1,393059726	0	0,517190222	0
1,401401401	0	0,517309206	0
1,409743076	0	0,513917009	0
1,418084751	0	0,493667711	0
1,426426426	0	0,439801613	0
1,434768101	0	0,373631678	0
1,443109776	0	0,338327576	0
1,451451451	0	0,328769621	0
1,459793126	0	0,32578362	0
1,468134801	0	0,320349138	0
1,476476476	0	0,320161824	0
1,484818151	0	0,318402302	0
1,493159826	0	0,317052254	0
1,501501502	0	0,317657815	0
1,509843177	0	0,315889068	0
1,518184852	0	0,31621972	0
1,526526527	0	0,316283314	0
1,534868202	0	0,317571551	0
1,543209877	0	0,316625404	0
1,551551552	0	0,316273582	0
1,559893227	0	0,31707026	0
1,568234902	0	0,315762261	0
1,576576577	0	0,316114984	0
1,584918252	0	0,315208367	0
1,593259927	0	0,314778863	0
1,601601602	0	0,315021185	0
1,609943277	0	0,314449783	0
1,618284952	0	0,314727511	0
1,626626627	0	0,314069449	0
1,634968302	0	0,313889735	0
1,643309977	0	0,314178037	0
1,651651652	0	0,314550975	0
1,659993327	0	0,314590667	0
1,668335002	0	0,314480051	0
1,676676677	0	0,314708425	0
1,685018352	0	0,314771986	0
1,693360027	0	0,314841263	0
1,701701702	0	0,314798334	0
1,710043377	0	0,315085672	0
1,718385052	0	0,314886822	0
1,726726727	0	0,315140265	0
1,735068402	0	0,315330437	0
1,743410077	0	0,315135144	0
1,751751752	0	0,315392596	0
1,760093427	0	0,315105767	0
1,768435102	0	0,316197889	0
1,776776777	0	0,339299144	0
1,785118452	0	0,393305182	0
1,793460127	0	0,461573876	0
1,801801802	0	0,507187848	0
1,810143477	0	0,540027615	0
1,818485152	0	0,56267958	0
1,826826827	0	0,578034323	0
1,835168502	0	0,590842825	0
1,843510177	0	0,596494227	0
1,851851852	0	0,60147485	0
1,860193527	0	0,605052745	0
1,868535202	0	0,605085446	0
1,876876877	0	0,604856212	0
1,885218552	0	0,60421304	0
1,893560227	0	0,603944409	0
1,901901902	0	0,602760534	0
1,910243577	0	0,602159112	0
1,918585252	0	0,600267456	0
1,926926927	0	0,598239822	0
1,935268602	0	0,596933015	0
1,943610277	0	0,597066421	0
1,951951952	0	0,59657665	0
1,960293627	0	0,59659781	0
1,968635302	0	0,596291559	0
1,976976977	0	0,596442146	0
1,985318652	0	0,596840557	0
1,993660327	0	0,596427317	0
2,002002002	0	0,596770899	0
2,010343677	0	0,596540903	0
2,018685352	0	0,596562265	0
2,027027027	0	0,596589881	0
2,035368702	0	0,596423672	0
2,043710377	0	0,596607611	0
2,052052052	0	0,596492646	0
2,060393727	0	0,596749758	0
2,068735402	0	0,596790008	0
2,077077077	0	0,59662773	0
2,085418752	0	0,596589353	0
2,093760427	0	0,596458097	0
2,102102102	0	0,596488803	0
2,110443777	0	0,596662417	0
2,118785452	0	0,596676573	0
2,127127127	0	0,596320401	0
2,135468802	0	0,596142741	0
2,143810477	0	0,595860902	0
2,152152152	0	0,593909678	0
2,160493827	0	0,585766146	0
2,168835502	0	0,556029674	0
2,177177177	0	0,506900671	0
2,185518852	0	0,455738011	0
2,193860527	0	0,435328161	0
2,202202202	0	0,423437335	0
2,210543877	0	0,416395773	0
2,218885552	0	0,416168558	0
2,227227227	0	0,413540934	0
2,235568902	0	0,412612307	0
2,243910577	0	0,412525764	0
2,252252252	0	0,412880885	0
2,260593927	0	0,413090425	0
2,268935602	0	0,413035659	0
2,277277277	0	0,41230517	0
2,285618952	0	0,412198514	0
2,293960627	0	0,412159891	0
2,302302302	0	0,411826291	0
2,310643977	0	0,411848951	0
2,318985652	0	0,412180302	0
2,327327327	0	0,411310578	0
2,335669002	0	0,411310828	0
2,344010677	0	0,411344276	0
2,352352352	0	0,411039339	0
2,360694027	0	0,411295904	0
2,369035702	0	0,411372277	0
2,377377377	0	0,41136996	0
2,385719052	0	0,411442783	0
2,394060727	0	0,410910283	0
2,402402402	0	0,41135317	0
2,410744077	0	0,410991091	0
2,419085752	0	0,411313979	0
2,427427427	0	0,410640595	0
2,435769102	0	0,410677787	0
2,444110777	0	0,410574354	0
2,452452452	0	0,410662628	0
2,460794127	0	0,409960364	0
2,469135802	0	0,410625023	0
2,477477477	0	0,410341031	0
2,485819152	0	0,39599944	0
2,494160827	0	0,346278827	0
2,502502503	0	0,286289173	0
2,510844178	0	0,246555838	0
2,519185853	0	0,206274114	0
2,527527528	0	0,151356583	0
2,535869203	0	0,179388108	0
2,544210878	0	0,174224598	0
2,552552553	0	0,170265165	0
2,560894228	0	0,167534311	0
2,569235903	0	0,164842443	0
2,577577578	0	0,164743722	0
2,585919253	0	0,164814613	0
2,594260928	0	0,164343754	0
2,602602603	0	0,163415675	0
2,610944278	0	0,163186681	0
2,619285953	0	0,163610686	0
2,627627628	0	0,163858237	0
2,635969303	0	0,164096549	0
2,644310978	0	0,164337903	0
2,652652653	0	0,164078531	0
2,660994328	0	0,164277421	0
2,669336003	0	0,164464322	0
2,677677678	0	0,16461838	0
2,686019353	0	0,164424956	0
2,694361028	0	0,164362086	0
2,702702703	0	0,164597032	0
2,711044378	0	0,16461065	0
2,719386053	0	0,164269899	0
2,727727728	0	0,164402053	0
2,736069403	0	0,164032208	0
2,744411078	0	0,163885721	0
2,752752753	0	0,163894016	0
2,761094428	0	0,163577051	0
2,769436103	0	0,163487512	0
2,777777778	0	0,163274335	0
2,786119453	0	0,162864479	0
2,794461128	0	0,163964539	0
2,802802803	0	0,163918859	0
2,811144478	0	0,164147398	0
2,819486153	0	0,163840985	0
2,827827828	0	0,164058391	0
2,836169503	0	0,164512199	0
2,844511178	0	0,164475248	0
2,852852853	0	0,164588192	0
2,861194528	0	0,164755859	0
2,869536203	0	0,164787075	0
2,877877878	0	0,164673575	0
2,886219553	0	0,164724469	0
2,894561228	0	0,164913046	0
2,902902903	0	0,164852998	0
2,911244578	0	0,164861829	0
2,919586253	0	0,164811872	0
2,927927928	0	0,16493132	0
2,936269603	0	0,164810927	0
2,944611278	0	0,164749292	0
2,952952953	0	0,164626304	0
2,961294628	0	0,16488918	0
2,969636303	0	0,164947361	0
2,977977978	0	0,164887911	0
2,986319653	0	0,164731265	0
2,994661328	0	0,164631982	0
3,003003003	0	0,16463823	0
3,011344678	0	0,164713939	0
3,019686353	0	0,164722963	0
3,028028028	0	0,164555388	0
3,036369703	0	0,164781591	0
3,044711378	0	0,164698218	0
3,053053053	0	0,164744136	0
3,061394728	0	0,164713477	0
3,069736403	0	0,164672804	0
3,078078078	0	0,16492895	0
3,086419753	0	0,164782257	0
3,094761428	0	0,164688374	0
3,103103103	0	0,164706932	0
3,111444778	0	0,164630811	0
3,119786453	0	0,166253883	0
3,128128128	0	0,183890753	0
3,136469803	0	0,231558154	0
3,144811478	0	0,299722557	0
3,153153153	0	0,367384967	0
3,161494828	0	0,444868201	0
3,169836503	0	0,486013652	0
3,178178178	0	0,502614566	0
3,186519853	0	0,513761438	0
3,194861528	0	0,522567705	0
3,203203203	0	0,526314551	0
3,211544878	0	0,52738207	0
3,219886553	0	0,527028919	0
3,228228228	0	0,526645601	0
3,236569903	0	0,526058557	0
3,244911578	0	0,52550294	0
3,253253253	0	0,524904411	0
3,261594928	0	0,525053374	0
3,269936603	0	0,524959324	0
3,278278278	0	0,524855631	0
3,286619953	0	0,524929244	0
3,294961628	0	0,525250677	0
3,303303303	0	0,525600319	0
3,311644978	0	0,525606755	0
3,319986653	0	0,525928668	0
3,328328328	0	0,525963941	0
3,336670003	0	0,525796161	0
3,345011678	0	0,525792687	0
3,353353353	0	0,526017919	0
3,361695028	0	0,52579994	0
3,370036703	0	0,525784574	0
3,378378378	0	0,525857542	0
3,386720053	0	0,525728291	0
3,395061728	0	0,525788154	0
3,403403403	0	0,525869454	0
3,411745078	0	0,525758426	0
3,420086753	0	0,525741555	0
3,428428428	0	0,525807603	0
3,436770103	0	0,525738383	0
3,445111778	0	0,525698225	0
3,453453453	0	0,52582407	0
3,461795128	0	0,525808229	0
3,470136803	0	0,525849766	0
3,478478478	0	0,52595533	0
3,486820153	0	0,526066578	0
3,495161828	0	0,533292644	0
3,503503504	0	0,554770861	0
3,511845179	0	0,606090525	0
3,520186854	0	0,657825508	0
3,528528529	0	0,688093818	0
3,536870204	0	0,70446448	0
3,545211879	0	0,699398851	0
3,553553554	0	0,709555937	0
3,561895229	0	0,710746687	0
3,570236904	0	0,711865049	0
3,578578579	0	0,711071568	0
3,586920254	0	0,710260762	0
3,595261929	0	0,710141056	0
3,603603604	0	0,708942297	0
3,611945279	0	0,708805165	0
3,620286954	0	0,708484418	0
3,628628629	0	0,707985113	0
3,636970304	0	0,709746373	0
3,645311979	0	0,709705509	0
3,653653654	0	0,71029899	0
3,661995329	0	0,710680341	0
3,670337004	0	0,710539533	0
3,678678679	0	0,710853674	0
3,687020354	0	0,711160771	0
3,695362029	0	0,710908631	0
3,703703704	0	0,710997742	0
3,712045379	0	0,711051144	0
3,720387054	0	0,711046419	0
3,728728729	0	0,711439803	0
3,737070404	0	0,711328888	0
3,745412079	0	0,711426946	0
3,753753754	0	0,711358013	0
3,762095429	0	0,711513826	0
3,770437104	0	0,710983874	0
3,778778779	0	0,711085436	0
3,787120454	0	0,710739763	0
3,795462129	0	0,71059044	0
3,803803804	0	0,710642445	0
3,812145479	0	0,710669603	0
3,820487154	0	0,710821622	0
3,828828829	0	0,710771175	0
3,837170504	0	0,710482201	0
3,845512179	0	0,710662695	0
3,853853854	0	0,71061531	0
3,862195529	0	0,710547595	0
3,870537204	0	0,710557725	0
3,878878879	0	0,710969401	0
3,887220554	0	0,71113197	0
3,895562229	0	0,710695741	0
3,903903904	0	0,710838649	0
3,912245579	0	0,711055857	0
3,920587254	0	0,709893254	0
3,928928929	0	0,700432171	0
3,937270604	0	0,691136783	0
3,945612279	0	0,679460141	0
3,953953954	0	0,684364158	0
3,962295629	0	0,695689112	0
3,970637304	0	0,704151478	0
3,978978979	0	0,709628171	0
3,987320654	0	0,712548023	0
3,995662329	0	0,714203708	0
4,004004004	0	0,716563841	0
4,012345679	0	0,719243684	0
4,020687354	0	0,720630295	0
4,029029029	0	0,721456317	0
4,037370704	0	0,723400615	0
4,045712379	0	0,725439768	0
4,054054054	0	0,72869502	0
4,062395729	0	0,729707184	0
4,070737404	0	0,730781791	0
4,079079079	0	0,732399047	0
4,087420754	0	0,731547283	0
4,095762429	0	0,731615819	0
4,104104104	0	0,7325989	0
4,112445779	0	0,733936201	0
4,120787454	0	0,736592101	0
4,129129129	0	0,737901522	0
4,137470804	0	0,73815208	0
4,145812479	0	0,738735538	0
4,154154154	0	0,738755361	0
4,162495829	0	0,738945139	0
4,170837504	0	0,738701536	0
4,179179179	0	0,739029735	0
4,187520854	0	0,738709593	0
4,195862529	0	0,738738169	0
4,204204204	0	0,738268708	0
4,212545879	0	0,737800691	0
4,220887554	0	0,735678061	0
4,229229229	0	0,722095592	0
4,237570904	0	0,693846186	0
4,245912579	0	0,665170121	0
4,254254254	0	0,649013447	0
4,262595929	0	0,637005338	0
4,270937604	0	0,626362949	0
4,279279279	0	0,620293648	0
4,287620954	0	0,617603955	0
4,295962629	0	0,614372974	0
4,304304304	0	0,614250145	0
4,312645979	0	0,614319224	0
4,320987654	0	0,614519271	0
4,329329329	0	0,614620094	0
4,337671004	0	0,61469527	0
4,346012679	0	0,614306176	0
4,354354354	0	0,61433645	0
4,362696029	0	0,613975736	0
4,371037704	0	0,614147716	0
4,379379379	0	0,613788454	0
4,387721054	0	0,613780403	0
4,396062729	0	0,613377377	0
4,404404404	0	0,613083079	0
4,412746079	0	0,613232236	0
4,421087754	0	0,608647405	0
4,429429429	0	0,592915649	0
4,437771104	0	0,561288752	0
4,446112779	0	0,468141774	0
4,454454454	0	0,395723178	0
4,462796129	0	0,339723147	0
4,471137804	0	0,346511025	0
4,479479479	0	0,334884522	0
4,487821154	0	0,322435067	0
4,496162829	0	0,319500808	0
4,504504505	0	0,320676037	0
4,51284618	0	0,321268702	0
4,521187855	0	0,322599419	0
4,52952953	0	0,323192056	0
4,537871205	0	0,323461385	0
4,54621288	0	0,323474035	0
4,554554555	0	0,323533622	0
4,56289623	0	0,323651678	0
4,571237905	0	0,323528347	0
4,57957958	0	0,323512325	0
4,587921255	0	0,323797422	0
4,59626293	0	0,323601787	0
4,604604605	0	0,323560796	0
4,61294628	0	0,323177147	0
4,621287955	0	0,323354904	0
4,62962963	0	0,323300284	0
4,637971305	0	0,323232925	0
4,64631298	0	0,32321062	0
4,654654655	0	0,323317958	0
4,66299633	0	0,323437284	0
4,671338005	0	0,32332971	0
4,67967968	0	0,323377808	0
4,688021355	0	0,323313836	0
4,69636303	0	0,323206774	0
4,704704705	0	0,323143646	0
4,71304638	0	0,32342852	0
4,721388055	0	0,323274131	0
4,72972973	0	0,323371211	0
4,738071405	0	0,323362261	0
4,74641308	0	0,321783337	0
4,754754755	0	0,302870056	0
4,76309643	0	0,244127711	0
4,771438105	0	0,184105992	0
4,77977978	0	0,162708192	0
4,788121455	0	0,154602612	0
4,79646313	0	0,150279349	0
4,804804805	0	0,147790178	0
4,81314648	0	0,147112468	0
4,821488155	0	0,142812711	0
4,82982983	0	0,139693468	0
4,838171505	0	0,139269646	0
4,84651318	0	0,138874049	0
4,854854855	0	0,138607349	0
4,86319653	0	0,138380449	0
4,871538205	0	0,138393683	0
4,87987988	0	0,136272802	0
4,888221555	0	0,134944571	0
4,89656323	0	0,133624788	0
4,904904905	0	0,130847354	0
4,91324658	0	0,130182604	0
4,921588255	0	0,129938941	0
4,92992993	0	0,129654506	0
4,938271605	0	0,129493903	0
4,94661328	0	0,129510925	0
4,954954955	0	0,129372089	0
4,96329663	0	0,129521015	0
4,971638305	0	0,129341249	0
4,97997998	0	0,129155959	0
4,988321655	0	0,129338825	0
4,99666333	0	0,129322469	0
5,005005005	0	0,129175751	0
5,01334668	0	0,129292344	0
5,021688355	0	0,129361547	0
5,03003003	0	0,129353505	0
5,038371705	0	0,129167185	0
5,04671338	0	0,129470563	0
5,055055055	0	0,129307464	0
5,06339673	0	0,129254194	0
5,071738405	0	0,129065023	0
5,08008008	0	0,128562214	0
5,088421755	0	0,128451886	0
5,09676343	0	0,128878622	0
5,105105105	0	0,128413767	0
5,11344678	0	0,12176594	0
5,121788455	0	0,113273424	0
5,13013013	0	0,11579778	0
5,138471805	0	0,108111069	0
5,14681348	0	0,097368264	0
5,155155155	0	0,087507321	0
5,16349683	0	0,083839244	0
5,171838505	0	0,080963708	0
5,18018018	0	0,078380613	0
5,188521855	0	0,077964221	0
5,19686353	0	0,077974784	0
5,205205205	0	0,078519116	0
5,21354688	0	0,078545068	0
5,221888555	0	0,078256864	0
5,23023023	0	0,078267291	0
5,238571905	0	0,078344772	0
5,24691358	0	0,077818714	0
5,255255255	0	0,07776133	0
5,26359693	0	0,077664867	0
5,271938605	0	0,077499323	0
5,28028028	0	0,0773444	0
5,288621955	0	0,077144206	0
5,29696363	0	0,077051916	0
5,305305305	0	0,077102911	0
5,31364698	0	0,077061931	0
5,321988655	0	0,077138655	0
5,33033033	0	0,077088817	0
5,338672005	0	0,077150858	0
5,34701368	0	0,077174821	0
5,355355355	0	0,077092365	0
5,36369703	0	0,077151417	0
5,372038705	0	0,077062812	0
5,38038038	0	0,077065755	0
5,388722055	0	0,076954187	0
5,39706373	0	0,076947682	0
5,405405405	0	0,076954089	0
5,41374708	0	0,076860002	0
5,422088755	0	0,076981447	0
5,43043043	0	0,076918787	0
5,438772105	0	0,076990294	0
5,44711378	0	0,076961603	0
5,455455455	0	0,076883571	0
5,46379713	0	0,076878676	0
5,472138805	0	0,076959824	0
5,48048048	0	0,076979297	0
5,488822155	0	0,076896112	0
5,49716383	0	0,076708085	0
5,505505506	0	0,076718001	0
5,513847181	0	0,076862561	0
5,522188856	0	0,076922273	0
5,530530531	0	0,076828861	0
5,538872206	0	0,076907455	0
5,547213881	0	0,076933133	0
5,555555556	0	0,07704166	0
5,563897231	0	0,0771087	0
5,572238906	0	0,0770881	0
5,580580581	0	0,077232609	0
5,588922256	0	0,077239758	0
5,597263931	0	0,077263663	0
5,605605606	0	0,077157062	0
5,613947281	0	0,077063799	0
5,622288956	0	0,076947793	0
5,630630631	0	0,077115112	0
5,638972306	0	0,076982368	0
5,647313981	0	0,076961349	0
5,655655656	0	0,076995656	0
5,663997331	0	0,076978243	0
5,672339006	0	0,077056547	0
5,680680681	0	0,076921045	0
5,689022356	0	0,076885291	0
5,697364031	0	0,07693257	0
5,705705706	0	0,07694387	0
5,714047381	0	0,076806062	0
5,722389056	0	0,076767094	0
5,730730731	0	0,076849994	0
5,739072406	0	0,076783404	0
5,747414081	0	0,076756778	0
5,755755756	0	0,076689977	0
5,764097431	0	0,076741197	0
5,772439106	0	0,076738664	0
5,780780781	0	0,076797337	0
5,789122456	0	0,076579817	0
5,797464131	0	0,076563264	0
5,805805806	0	0,076811062	0
5,814147481	0	0,076863041	0
5,822489156	0	0,076939429	0
5,830830831	0	0,076914332	0
5,839172506	0	0,076967089	0
5,847514181	0	0,07703023	0
5,855855856	0	0,076968771	0
5,864197531	0	0,076904186	0
5,872539206	0	0,076937363	0
5,880880881	0	0,076973392	0
5,889222556	0	0,076931503	0
5,897564231	0	0,076994029	0
5,905905906	0	0,076973024	0
5,914247581	0	0,076953176	0
5,922589256	0	0,076948274	0
5,930930931	0	0,076932298	0
5,939272606	0	0,076943702	0
5,947614281	0	0,076931682	0
5,955955956	0	0,076875699	0
5,964297631	0	0,076956328	0
5,972639306	0	0,076939458	0
5,980980981	0	0,076984233	0
5,989322656	0	0,082754344	0
5,997664331	0	0,091106256	0
6,006006006	0	0,103823081	0
6,014347681	0	0,175161116	0
6,022689356	0	0,219727001	0
6,031031031	0	0,258410222	0
6,039372706	0	0,281952339	0
6,047714381	0	0,235007492	0
6,056056056	0	0,254780848	0
6,064397731	0	0,264839379	0
6,072739406	0	0,2683601	0
6,081081081	0	0,272217804	0
6,089422756	0	0,274175078	0
6,097764431	0	0,276418829	0
6,106106106	0	0,27855806	0
6,114447781	0	0,27912949	0
6,122789456	0	0,280021014	0
6,131131131	0	0,280344945	0
6,139472806	0	0,280152946	0
6,147814481	0	0,280389567	0
6,156156156	0	0,280091597	0
6,164497831	0	0,280776145	0
6,172839506	0	0,280555495	0
6,181181181	0	0,28166944	0
6,189522856	0	0,2813908	0
6,197864531	0	0,280784348	0
6,206206206	0	0,281756353	0
6,214547881	0	0,281381233	0
6,222889556	0	0,282114591	0
6,231231231	0	0,283459031	0
6,239572906	0	0,283053248	0
6,247914581	0	0,283832391	0
6,256256256	0	0,286133452	0
6,264597931	0	0,287559216	0
6,272939606	0	0,288407813	0
6,281281281	0	0,248693518	0
6,289622956	0	0,248904478	0
6,297964631	0	0,249212184	0
6,306306306	0	0,249364074	0
6,314647981	0	0,249450844	0
6,322989656	0	0,24989389	0
6,331331331	0	0,249367134	0
6,339673006	0	0,249513609	0
6,348014681	0	0,249538353	0
6,356356356	0	0,249814629	0
6,364698031	0	0,249398853	0
6,373039706	0	0,249447423	0
6,381381381	0	0,249731468	0
6,389723056	0	0,249521424	0
6,398064731	0	0,249636701	0
6,406406406	0	0,249780332	0
6,414748081	0	0,249938879	0
6,423089756	0	0,249554247	0
6,431431431	0	0,249702676	0
6,439773106	0	0,249807331	0
6,448114781	0	0,249749345	0
6,456456456	0	0,249671175	0
6,464798131	0	0,250161302	0
6,473139806	0	0,250860122	0
6,481481481	0	0,250985431	0
6,489823156	0	0,250933675	0
6,498164831	0	0,251450182	0
6,506506507	0	0,252774686	0
6,514848182	0	0,251996693	0
6,523189857	0	0,251704273	0
6,531531532	0	0,251135502	0
6,539873207	0	0,254649991	0
6,548214882	0	0,26670108	0
6,556556557	0	0,300084818	0
6,564898232	0	0,344369014	0
6,573239907	0	0,401995939	0
6,581581582	0	0,453370085	0
6,589923257	0	0,487776925	0
6,598264932	0	0,510402883	0
6,606606607	0	0,529670083	0
6,614948282	0	0,543900204	0
6,623289957	0	0,555864526	0
6,631631632	0	0,56364628	0
6,639973307	0	0,567401329	0
6,648314982	0	0,568519649	0
6,656656657	0	0,568392431	0
6,664998332	0	0,566277701	0
6,673340007	0	0,565575887	0
6,681681682	0	0,564933985	0
6,690023357	0	0,564159065	0
6,698365032	0	0,563264238	0
6,706706707	0	0,562155239	0
6,715048382	0	0,562335059	0
6,723390057	0	0,562889736	0
6,731731732	0	0,563087548	0
6,740073407	0	0,563621408	0
6,748415082	0	0,564157644	0
6,756756757	0	0,565181304	0
6,765098432	0	0,564995796	0
6,773440107	0	0,565706024	0
6,781781782	0	0,565770148	0
6,790123457	0	0,566037933	0
6,798465132	0	0,566475264	0
6,806806807	0	0,567545895	0
6,815148482	0	0,568185009	0
6,823490157	0	0,568065032	0
6,831831832	0	0,568749101	0
6,840173507	0	0,5693884	0
6,848515182	0	0,569948941	0
6,856856857	0	0,570314115	0
6,865198532	0	0,572204102	0
6,873540207	0	0,572167193	0
6,881881882	0	0,573830251	0
6,890223557	0	0,573812005	0
6,898565232	0	0,574409433	0
6,906906907	0	0,574626982	0
6,915248582	0	0,57492993	0
6,923590257	0	0,575502179	0
6,931931932	0	0,575282904	0
6,940273607	0	0,575070347	0
6,948615282	0	0,575802282	0
6,956956957	0	0,575326523	0
6,965298632	0	0,575468726	0
6,973640307	0	0,575184549	0
6,981981982	0	0,574975296	0
6,990323657	0	0,575392916	0
6,998665332	0	0,575170258	0
7,007007007	0	0,575685758	0
7,015348682	0	0,57518304	0
7,023690357	0	0,574816669	0
7,032032032	0	0,575091031	0
7,040373707	0	0,575147527	0
7,048715382	0	0,575463673	0
7,057057057	0	0,574969499	0
7,065398732	0	0,575153554	0
7,073740407	0	0,574899287	0
7,082082082	0	0,574707991	0
7,090423757	0	0,574619666	0
7,098765432	0	0,57452326	0
7,107107107	0	0,574075186	0
7,115448782	0	0,574036859	0
7,123790457	0	0,573832466	0
7,132132132	0	0,573312449	0
7,140473807	0	0,56394615	0
7,148815482	0	0,527461859	0
7,157157157	0	0,469481978	0
7,165498832	0	0,415284162	0
7,173840507	0	0,392393114	0
7,182182182	0	0,382089586	0
7,190523857	0	0,373381352	0
7,198865532	0	0,366638293	0
7,207207207	0	0,364554726	0
7,215548882	0	0,362265288	0
7,223890557	0	0,361632108	0
7,232232232	0	0,361131107	0
7,240573907	0	0,361592145	0
7,248915582	0	0,361812507	0
7,257257257	0	0,362013898	0
7,265598932	0	0,362590602	0
7,273940607	0	0,362783902	0
7,282282282	0	0,363011347	0
7,290623957	0	0,363345698	0
7,298965632	0	0,363465412	0
7,307307307	0	0,363566918	0
7,315648982	0	0,363487678	0
7,323990657	0	0,363738908	0
7,332332332	0	0,36377383	0
7,340674007	0	0,363278905	0
7,349015682	0	0,363458741	0
7,357357357	0	0,363250344	0
7,365699032	0	0,363318738	0
7,374040707	0	0,363175056	0
7,382382382	0	0,362976179	0
7,390724057	0	0,362765891	0
7,399065732	0	0,362832627	0
7,407407407	0	0,362459146	0
7,415749082	0	0,362875622	0
7,424090757	0	0,36244531	0
7,432432432	0	0,362473477	0
7,440774107	0	0,362550743	0
7,449115782	0	0,362504242	0
7,457457457	0	0,362280141	0
7,465799132	0	0,362495599	0
7,474140807	0	0,362672275	0
7,482482482	0	0,362646966	0
7,490824157	0	0,362383911	0
7,499165832	0	0,362344311	0
7,507507508	0	0,362468168	0
7,515849183	0	0,36226749	0
7,524190858	0	0,362584702	0
7,532532533	0	0,362314436	0
7,540874208	0	0,358499821	0
7,549215883	0	0,339200665	0
7,557557558	0	0,30060978	0
7,565899233	0	0,253000997	0
7,574240908	0	0,262758213	0
7,582582583	0	0,237955287	0
7,590924258	0	0,228280254	0
7,599265933	0	0,218684338	0
7,607607608	0	0,213897005	0
7,615949283	0	0,212205879	0
7,624290958	0	0,209924124	0
7,632632633	0	0,209227952	0
7,640974308	0	0,209898759	0
7,649315983	0	0,210349638	0
7,657657658	0	0,210927964	0
7,665999333	0	0,210958124	0
7,674341008	0	0,211043969	0
7,682682683	0	0,210511103	0
7,691024358	0	0,21059338	0
7,699366033	0	0,212662133	0
7,707707708	0	0,211850689	0
7,716049383	0	0,211594166	0
7,724391058	0	0,211587735	0
7,732732733	0	0,211180268	0
7,741074408	0	0,210606931	0
7,749416083	0	0,210764761	0
7,757757758	0	0,21103699	0
7,766099433	0	0,211271672	0
7,774441108	0	0,210927475	0
7,782782783	0	0,208117469	0
7,791124458	0	0,194631541	0
7,799466133	0	0,152356371	0
7,807807808	0	0,104164676	0
7,816149483	0	0,070909391	0
7,824491158	0	0,054930411	0
7,832832833	0	0,051623959	0
7,841174508	0	0,041961185	0
7,849516183	0	0,037756605	0
7,857857858	0	0,033446834	0
7,866199533	0	0,031363295	0
7,874541208	0	0,029761292	0
7,882882883	0	0,028206309	0
7,891224558	0	0,028206533	0
7,899566233	0	0,027410867	0
7,907907908	0	0,028319262	0
7,916249583	0	0,028073546	0
7,924591258	0	0,027974306	0
7,932932933	0	0,028429006	0
7,941274608	0	0,028180254	0
7,949616283	0	0,028184735	0
7,957957958	0	0,028466079	0
7,966299633	0	0,028636891	0
7,974641308	0	0,02849647	0
7,982982983	0	0,028424251	0
7,991324658	0	0,028512858	0
7,999666333	0	0,028694803	0
8,008008008	0	0,028871997	0
8,016349683	0	0,028831098	0
8,024691358	0	0,028741976	0
8,033033033	0	0,028964128	0
8,041374708	0	0,028963394	0
8,049716383	0	0,028780915	0
8,058058058	0	0,028779667	0
8,066399733	0	0,028576532	0
8,074741408	0	0,027202471	0
8,083083083	0	0,020957047	0
8,091424758	0	0,018320173	0
8,099766433	0	0,01637893	0
8,108108108	0	0,015081612	0
8,116449783	0	0,01519288	0
8,124791458	0	0,014117722	0
8,133133133	0	0,013754249	0
8,141474808	0	0,01372552	0
8,149816483	0	0,013343092	0
8,158158158	0	0,013446993	0
8,166499833	0	0,01330243	0
8,174841508	0	0,011735543	0
8,183183183	0	0,011864361	0
8,191524858	0	0,011147535	0
8,199866533	0	0,011665629	0
8,208208208	0	0,010997325	0
8,216549883	0	0,010974931	0
8,224891558	0	0,01101917	0
8,233233233	0	0,010901604	0
8,241574908	0	0,010628453	0
8,249916583	0	0,010544875	0
8,258258258	0	0,010578589	0
8,266599933	0	0,010644293	0
8,274941608	0	0,010680562	0
8,283283283	0	0,010607129	0
8,291624958	0	0,010470463	0
8,299966633	0	0,009929033	0
8,308308308	0	0,010013375	0
8,316649983	0	0,011881364	0
8,324991658	0	0,019973227	0
8,333333333	0	0,019084183	0
8,341675008	0	0,012351474	0
8,350016683	0	0,010052407	0
8,358358358	0	0,007865849	0
8,366700033	0	0,005157663	0
8,375041708	0	0,002509823	0
8,383383383	0	0,002083191	0
8,391725058	0	0,002004397	0
8,400066733	0	0,002040592	0
8,408408408	0	0,00152402	0
8,416750083	0	0,001795363	0
8,425091758	0	0,001577149	0
8,433433433	0	0,001920164	0
8,441775108	0	0,002242071	0
8,450116783	0	0,001814187	0
8,458458458	0	0,002262142	0
8,466800133	0	0,001891964	0
8,475141808	0	0,002240563	0
8,483483483	0	0,001965038	0
8,491825158	0	0,001735529	0
8,500166834	0	0,001391622	0
8,508508509	0	0,000117795	0
8,516850184	0	0,001259834	0
8,525191859	0	0,000321293	0
8,533533534	0	0,00058743	0
8,541875209	0	0,00048992	0
8,550216884	0	0,000467346	0
8,558558559	0	0,00024876	0
8,566900234	0	0,000265116	0
8,575241909	0	0,000467906	0
8,583583584	0	0	0
8,591925259	0	0,000602526	0
8,600266934	0	0,000601819	0
8,608608609	0	0,00088813	0
8,616950284	0	0,001102105	0
8,625291959	0	0,001138044	0
8,633633634	0	0,001254249	0
8,641975309	0	0,001632684	0
8,650316984	0	0,001774936	0
8,658658659	0	0,001413899	0
8,667000334	0	0,001361132	0
8,675342009	0	0,001523626	0
8,683683684	0	0,00143487	0
8,692025359	0	0,001828299	0
8,700367034	0	0,001396763	0
8,708708709	0	0,001518057	0
8,717050384	0	0,001520134	0
8,725392059	0	0,001320511	0
8,733733734	0	0,001617398	0
8,742075409	0	0,001422568	0
8,750417084	0	0,001225692	0
8,758758759	0	0,001312146	0
8,767100434	0	0,00183232	0
8,775442109	0	0,002345779	0
8,783783784	0	0,001721674	0
8,792125459	0	0,002015456	0
8,800467134	0	0,001996162	0
8,808808809	0	0,002097294	0
8,817150484	0	0,002073784	0
8,825492159	0	0,002263093	0
8,833833834	0	0,001765766	0
8,842175509	0	0,002256413	0
8,850517184	0	0,002138627	0
8,858858859	0	0,002106935	0
8,867200534	0	0,001606543	0
8,875542209	0	0,001730916	0
8,883883884	0	0,001722563	0
8,892225559	0	0,001717636	0
8,900567234	0	0,0017275	0
8,908908909	0	0,001892102	0
8,917250584	0	0,001825298	0
8,925592259	0	0,001765149	0
8,933933934	0	0,001815186	0
8,942275609	0	0,001999866	0
8,950617284	0	0,001556338	0
8,958958959	0	0,001884324	0
8,967300634	0	0,001975357	0
8,975642309	0	0,001772866	0
8,983983984	0	0,001932132	0
8,992325659	0	0,001916559	0
9,000667334	0	0,001708276	0
9,009009009	0	0,001709854	0
9,017350684	0	0,001668492	0
9,025692359	0	0,001795712	0
9,034034034	0	0,001781342	0
9,042375709	0	0,001926935	0
9,050717384	0	0,001749923	0
9,059059059	0	0,001737968	0
9,067400734	0	0,001966189	0
9,075742409	0	0,001804774	0
9,084084084	0	0,001728444	0
9,092425759	0	0,002273087	0
9,100767434	0	0,014365073	0
9,109109109	0	0,044140365	0
9,117450784	0	0,090462114	0
9,125792459	0	0,139571661	0
9,134134134	0	0,195496173	0
9,142475809	0	0,236351644	0
9,150817484	0	0,274183841	0
9,159159159	0	0,299253255	0
9,167500834	0	0,308415604	0
9,175842509	0	0,309836798	0
9,184184184	0	0,315110989	0
9,192525859	0	0,320960491	0
9,200867534	0	0,323117146	0
9,209209209	0	0,323397069	0
9,217550884	0	0,326407011	0
9,225892559	0	0,328663021	0
9,234234234	0	0,328134243	0
9,242575909	0	0,32898811	0
9,250917584	0	0,329137169	0
9,259259259	0	0,329896073	0
9,267600934	0	0,330442508	0
9,275942609	0	0,330149291	0
9,284284284	0	0,330707211	0
9,292625959	0	0,331980649	0
9,300967634	0	0,330610292	0
9,309309309	0	0,333370968	0
9,317650984	0	0,333181949	0
9,325992659	0	0,334897393	0
9,334334334	0	0,335496526	0
9,342676009	0	0,335774273	0
9,351017684	0	0,336210295	0
9,359359359	0	0,336791331	0
9,367701034	0	0,336977836	0
9,376042709	0	0,336834001	0
9,384384384	0	0,336948694	0
9,392726059	0	0,337470144	0
9,401067734	0	0,33689758	0
9,409409409	0	0,337345225	0
9,417751084	0	0,337213283	0
9,426092759	0	0,337063867	0
9,434434434	0	0,337539923	0
9,442776109	0	0,348978724	0
9,451117784	0	0,383106601	0
9,459459459	0	0,453289565	0
9,467801134	0	0,537126659	0
9,476142809	0	0,609916296	0
9,484484484	0	0,66525189	0
9,492826159	0	0,702844207	0
9,501167835	0	0,723413215	0
9,50950951	0	0,733146647	0
9,517851185	0	0,735608422	0
9,52619286	0	0,732833316	0
9,534534535	0	0,731153887	0
9,54287621	0	0,729154052	0
9,551217885	0	0,727540574	0
9,55955956	0	0,724209224	0
9,567901235	0	0,723259584	0
9,57624291	0	0,722367475	0
9,584584585	0	0,720759352	0
9,59292626	0	0,719989701	0
9,601267935	0	0,720058687	0
9,60960961	0	0,719416919	0
9,617951285	0	0,717558303	0
9,62629296	0	0,717012172	0
9,634634635	0	0,717549775	0
9,64297631	0	0,717435565	0
9,651317985	0	0,717757894	0
9,65965966	0	0,718724862	0
9,668001335	0	0,717286022	0
9,67634301	0	0,71686472	0
9,684684685	0	0,717159049	0
9,69302636	0	0,71636251	0
9,701368035	0	0,715895819	0
9,70970971	0	0,714997512	0
9,718051385	0	0,714951724	0
9,72639306	0	0,714604277	0
9,734734735	0	0,714255899	0
9,74307641	0	0,714107525	0
9,751418085	0	0,713943266	0
9,75975976	0	0,713611738	0
9,768101435	0	0,713346307	0
9,77644311	0	0,713864377	0
9,784784785	0	0,713541746	0
9,79312646	0	0,713394693	0
9,801468135	0	0,713803627	0
9,80980981	0	0,713504467	0
9,818151485	0	0,713914365	0
9,82649316	0	0,713489563	0
9,834834835	0	0,713735575	0
9,84317651	0	0,713729677	0
9,851518185	0	0,714077027	0
9,85985986	0	0,713977563	0
9,868201535	0	0,713463412	0
9,87654321	0	0,713565337	0
9,884884885	0	0,713867724	0
9,89322656	0	0,713800803	0
9,901568235	0	0,713528639	0
9,90990991	0	0,713476283	0
9,918251585	0	0,712744167	0
9,92659326	0	0,71374817	0
9,934934935	0	0,713480754	0
9,94327661	0	0,713079694	0
9,951618285	0	0,713451384	0
9,95995996	0	0,7136505	0
9,968301635	0	0,713581652	0
9,97664331	0	0,713411172	0
9,984984985	0	0,712744727	0
9,99332666	0	0,714204692	0
10,00166834	0	0,732586654	0
10,01001001	0	0,767087825	0
10,01835169	0	0,81870222	0
10,02669336	0	0,859595906	0
10,03503504	0	0,880171026	0
10,04337671	0	0,889439946	0
10,05171839	0	0,892091908	0
10,06006006	0	0,889539622	0
10,06840174	0	0,887790337	0
10,07674341	0	0,886882571	0
10,08508509	0	0,878980747	0
10,09342676	0	0,878444914	0
10,10176844	0	0,876964417	0
10,11011011	0	0,874260826	0
10,11845179	0	0,871377665	0
10,12679346	0	0,869006235	0
10,13513514	0	0,865596212	0
10,14347681	0	0,86321125	0
10,15181849	0	0,861197733	0
10,16016016	0	0,85981469	0
10,16850184	0	0,858920995	0
10,17684351	0	0,857876161	0
10,18518519	0	0,857095437	0
10,19352686	0	0,856757566	0
10,20186854	0	0,856774328	0
10,21021021	0	0,856479932	0
10,21855189	0	0,856431384	0
10,22689356	0	0,856669049	0
10,23523524	0	0,856352185	0
10,24357691	0	0,855848351	0
10,25191859	0	0,856313821	0
10,26026026	0	0,856123761	0
10,26860194	0	0,85608212	0
10,27694361	0	0,856404596	0
10,28528529	0	0,856366584	0
10,29362696	0	0,856650624	0
10,30196864	0	0,856626086	0
10,31031031	0	0,856286818	0
10,31865199	0	0,85667843	0
10,32699366	0	0,856581255	0
10,33533534	0	0,856241126	0
10,34367701	0	0,856128262	0
10,35201869	0	0,856315631	0
10,36036036	0	0,856154751	0
10,36870204	0	0,856034079	0
10,37704371	0	0,856055986	0
10,38538539	0	0,856074396	0
10,39372706	0	0,855813931	0
10,40206874	0	0,855688463	0
10,41041041	0	0,855711253	0
10,41875209	0	0,855776393	0
10,42709376	0	0,855465798	0
10,43543544	0	0,855395901	0
10,44377711	0	0,855785113	0
10,45211879	0	0,855175707	0
10,46046046	0	0,854828567	0
10,46880214	0	0,854691383	0
10,47714381	0	0,854888236	0
10,48548549	0	0,854328227	0
10,49382716	0	0,854552854	0
10,50216884	0	0,853695027	0
10,51051051	0	0,854615677	0
10,51885219	0	0,854083205	0
10,52719386	0	0,854241441	0
10,53553554	0	0,854296843	0
10,54387721	0	0,853998709	0
10,55221889	0	0,854229825	0
10,56056056	0	0,854143185	0
10,56890224	0	0,85373306	0
10,57724391	0	0,854299049	0
10,58558559	0	0,854731186	0
10,59392726	0	0,85517928	0
10,60226894	0	0,855538891	0
10,61061061	0	0,855409578	0
10,61895229	0	0,856073019	0
10,62729396	0	0,855900184	0
10,63563564	0	0,856023785	0
10,64397731	0	0,856318886	0
10,65231899	0	0,856506231	0
10,66066066	0	0,856751872	0
10,66900234	0	0,856885369	0
10,67734401	0	0,856726548	0
10,68568569	0	0,856711182	0
10,69402736	0	0,856851097	0
10,70236904	0	0,85674701	0
10,71071071	0	0,856681184	0
10,71905239	0	0,856750023	0
10,72739406	0	0,856607011	0
10,73573574	0	0,856585195	0
10,74407741	0	0,856561136	0
10,75241909	0	0,856172996	0
10,76076076	0	0,856649863	0
10,76910244	0	0,856425396	0
10,77744411	0	0,856499217	0
10,78578579	0	0,856515171	0
10,79412746	0	0,856470351	0
10,80246914	0	0,853374772	0
10,81081081	0	0,835349681	0
10,81915249	0	0,7847704	0
10,82749416	0	0,708571745	0
10,83583584	0	0,617558413	0
10,84417751	0	0,567256071	0
10,85251919	0	0,531844236	0
10,86086086	0	0,502403404	0
10,86920254	0	0,491242548	0
10,87754421	0	0,48668946	0
10,88588589	0	0,485561577	0
10,89422756	0	0,483016925	0
10,90256924	0	0,483298793	0
10,91091091	0	0,484660172	0
10,91925259	0	0,483813282	0
10,92759426	0	0,484186991	0
10,93593594	0	0,484166922	0
10,94427761	0	0,48446931	0
10,95261929	0	0,483792727	0
10,96096096	0	0,482680823	0
10,96930264	0	0,483770379	0
10,97764431	0	0,484208063	0
10,98598599	0	0,484612403	0
10,99432766	0	0,484129614	0
11,00266934	0	0,484570294	0
11,01101101	0	0,484806008	0
11,01935269	0	0,485128881	0
11,02769436	0	0,485755527	0
11,03603604	0	0,485930943	0
11,04437771	0	0,48593484	0
11,05271939	0	0,486118837	0
11,06106106	0	0,486379041	0
11,06940274	0	0,486178646	0
11,07774441	0	0,486306427	0
11,08608609	0	0,486479824	0
11,09442776	0	0,486484552	0
11,10276944	0	0,486628424	0
11,11111111	0	0,486518575	0
11,11945279	0	0,486329172	0
11,12779446	0	0,486566801	0
11,13613614	0	0,486355582	0
11,14447781	0	0,485965627	0
11,15281949	0	0,486077194	0
11,16116116	0	0,486314975	0
11,16950284	0	0,486271653	0
11,17784451	0	0,486019276	0
11,18618619	0	0,485990867	0
11,19452786	0	0,485901894	0
11,20286954	0	0,485973512	0
11,21121121	0	0,485826182	0
11,21955289	0	0,485925926	0
11,22789456	0	0,484475688	0
11,23623624	0	0,465743559	0
11,24457791	0	0,439087735	0
11,25291959	0	0,363663958	0
11,26126126	0	0,321824373	0
11,26960294	0	0,299508042	0
11,27794461	0	0,268353118	0
11,28628629	0	0,272523251	0
11,29462796	0	0,250545782	0
11,30296964	0	0,26501212	0
11,31131131	0	0,265081511	0
11,31965299	0	0,264993896	0
11,32799466	0	0,26557229	0
11,33633634	0	0,266016625	0
11,34467801	0	0,266614213	0
11,35301969	0	0,266669796	0
11,36136136	0	0,266891004	0
11,36970304	0	0,266554882	0
11,37804471	0	0,266565733	0
11,38638639	0	0,266940519	0
11,39472806	0	0,266690364	0
11,40306974	0	0,266671058	0
11,41141141	0	0,266950071	0
11,41975309	0	0,267112394	0
11,42809476	0	0,266630069	0
11,43643644	0	0,266255067	0
11,44477811	0	0,266221961	0
11,45311979	0	0,266120145	0
11,46146146	0	0,266133031	0
11,46980314	0	0,26610589	0
11,47814481	0	0,2659836	0
11,48648649	0	0,265693004	0
11,49482816	0	0,265873785	0
11,50316984	0	0,265921334	0
11,51151151	0	0,265634027	0
11,51985319	0	0,265717081	0
11,52819486	0	0,265571184	0
11,53653654	0	0,265826153	0
11,54487821	0	0,265761806	0
11,55321989	0	0,265900697	0
11,56156156	0	0,265550295	0
11,56990324	0	0,265862501	0
11,57824491	0	0,26551379	0
11,58658659	0	0,265545563	0
11,59492826	0	0,265011626	0
11,60326994	0	0,26478195	0
11,61161161	0	0,263497781	0
11,61995329	0	0,263602229	0
11,62829496	0	0,264677248	0
11,63663664	0	0,264355336	0
11,64497831	0	0,264822732	0
11,65331999	0	0,264416879	0
11,66166166	0	0,264828839	0
11,67000334	0	0,265108929	0
11,67834501	0	0,265389959	0
11,68668669	0	0,266018534	0
11,69502836	0	0,265798	0
11,70337004	0	0,26544259	0
11,71171171	0	0,265678337	0
11,72005339	0	0,265530842	0
11,72839506	0	0,263965651	0
11,73673674	0	0,252188708	0
11,74507841	0	0,220206528	0
11,75342009	0	0,182502412	0
11,76176176	0	0,159582163	0
11,77010344	0	0,150895006	0
11,77844511	0	0,14338077	0
11,78678679	0	0,140739286	0
11,79512846	0	0,137173557	0
11,80347014	0	0,135060127	0
11,81181181	0	0,134554596	0
11,82015349	0	0,134113305	0
11,82849516	0	0,133897616	0
11,83683684	0	0,134250596	0
11,84517851	0	0,134238038	0
11,85352019	0	0,134547796	0
11,86186186	0	0,13469043	0
11,87020354	0	0,135227144	0
11,87854521	0	0,135361566	0
11,88688689	0	0,133484993	0
11,89522856	0	0,13336347	0
11,90357024	0	0,133638908	0
11,91191191	0	0,133239234	0
11,92025359	0	0,133599319	0
11,92859526	0	0,132342753	0
11,93693694	0	0,130967884	0
11,94527861	0	0,12976542	0
11,95362029	0	0,127979803	0
11,96196196	0	0,12760888	0
11,97030364	0	0,126807411	0
11,97864531	0	0,12682504	0
11,98698699	0	0,126305102	0
11,99532866	0	0,125240934	0
12,00367034	0	0,12536955	0
12,01201201	0	0,12457346	0
12,02035369	0	0,12445997	0
12,02869536	0	0,124277862	0
12,03703704	0	0,124628391	0
12,04537871	0	0,124577528	0
12,05372039	0	0,124370882	0
12,06206206	0	0,124573776	0
12,07040374	0	0,124514653	0
12,07874541	0	0,124347046	0
12,08708709	0	0,124099452	0
12,09542876	0	0,124101222	0
12,10377044	0	0,124267877	0
12,11211211	0	0,124209348	0
12,12045379	0	0,123682702	0
12,12879546	0	0,123672624	0
12,13713714	0	0,123675215	0
12,14547881	0	0,123421738	0
12,15382049	0	0,122640279	0
12,16216216	0	0,123575442	0
12,17050384	0	0,123661036	0
12,17884551	0	0,122505295	0
12,18718719	0	0,122225471	0
12,19552886	0	0,12325896	0
12,20387054	0	0,123675164	0
12,21221221	0	0,124236199	0
12,22055389	0	0,124231176	0
12,22889556	0	0,124207271	0
12,23723724	0	0,123234421	0
12,24557891	0	0,123005606	0
12,25392059	0	0,12280483	0
12,26226226	0	0,123146101	0
12,27060394	0	0,123537278	0
12,27894561	0	0,123330569	0
12,28728729	0	0,122599848	0
12,29562896	0	0,123699513	0
12,30397064	0	0,126007851	0
12,31231231	0	0,145271159	0
12,32065399	0	0,188351657	0
12,32899566	0	0,231530556	0
12,33733734	0	0,298747449	0
12,34567901	0	0,350084478	0
12,35402069	0	0,399687128	0
12,36236236	0	0,430224292	0
12,37070404	0	0,441808841	0
12,37904571	0	0,451743631	0
12,38738739	0	0,457278149	0
12,39572906	0	0,459824317	0
12,40407074	0	0,461449369	0
12,41241241	0	0,463469615	0
12,42075409	0	0,461857606	0
12,42909576	0	0,463891806	0
12,43743744	0	0,463834024	0
12,44577911	0	0,464559604	0
12,45412079	0	0,46506698	0
12,46246246	0	0,467257013	0
12,47080414	0	0,467855121	0
12,47914581	0	0,46826073	0
12,48748749	0	0,468529101	0
12,49582916	0	0,468845243	0
12,50417084	0	0,469162206	0
12,51251251	0	0,469381679	0
12,52085419	0	0,469363291	0
12,52919586	0	0,469116262	0
12,53753754	0	0,469363799	0
12,54587921	0	0,469501575	0
12,55422089	0	0,469448793	0
12,56256256	0	0,469195932	0
12,57090424	0	0,469338864	0
12,57924591	0	0,469377019	0
12,58758759	0	0,469389242	0
12,59592926	0	0,469559504	0
12,60427094	0	0,469436793	0
12,61261261	0	0,46912503	0
12,62095429	0	0,469132535	0
12,62929596	0	0,469198932	0
12,63763764	0	0,469202018	0
12,64597931	0	0,469111697	0
12,65432099	0	0,469188307	0
12,66266266	0	0,469305657	0
12,67100434	0	0,469110016	0
12,67934601	0	0,46890519	0
12,68768769	0	0,466636346	0
12,69602936	0	0,448953498	0
12,70437104	0	0,424769945	0
12,71271271	0	0,406605329	0
12,72105439	0	0,399114605	0
12,72939606	0	0,397595802	0
12,73773774	0	0,394781732	0
12,74607941	0	0,391418585	0
12,75442109	0	0,391113197	0
12,76276276	0	0,390492608	0
12,77110444	0	0,39074649	0
12,77944611	0	0,390522306	0
12,78778779	0	0,390821902	0
12,79612946	0	0,390453582	0
12,80447114	0	0,390251646	0
12,81281281	0	0,390084222	0
12,82115449	0	0,390002099	0
12,82949616	0	0,390078172	0
12,83783784	0	0,390306401	0
12,84617951	0	0,390242018	0
12,85452119	0	0,39043934	0
12,86286286	0	0,390223167	0
12,87120454	0	0,390326474	0
12,87954621	0	0,390334224	0
12,88788789	0	0,390079123	0
12,89622956	0	0,390300546	0
12,90457124	0	0,390043297	0
12,91291291	0	0,39015054	0
12,92125459	0	0,389767925	0
12,92959626	0	0,389860974	0
12,93793794	0	0,389819597	0
12,94627961	0	0,389613111	0
12,95462129	0	0,389468323	0
12,96296296	0	0,389435652	0
12,97130464	0	0,389335086	0
12,97964631	0	0,389305601	0
12,98798799	0	0,389216606	0
12,99632966	0	0,38893214	0
13,00467134	0	0,389236509	0
13,01301301	0	0,390401019	0
13,02135469	0	0,408468978	0
13,02969636	0	0,434589013	0
13,03803804	0	0,474809155	0
13,04637971	0	0,47639478	0
13,05472139	0	0,468692739	0
13,06306306	0	0,468330302	0
13,07140474	0	0,46781667	0
13,07974641	0	0,464563837	0
13,08808809	0	0,459976598	0
13,09642976	0	0,397072108	0
13,10477144	0	0,39720149	0
13,11311311	0	0,396377856	0
13,12145479	0	0,452477717	0
13,12979646	0	0,452645294	0
13,13813814	0	0,451005166	0
13,14647981	0	0,450116876	0
13,15482149	0	0,448563209	0
13,16316316	0	0,446728349	0
13,17150484	0	0,442569954	0
13,17984651	0	0,441889647	0
13,18818819	0	0,441505559	0
13,19652986	0	0,441103093	0
13,20487154	0	0,440636127	0
13,21321321	0	0,440162319	0
13,22155489	0	0,442253283	0
13,22989656	0	0,442068466	0
13,23823824	0	0,441895047	0
13,24657991	0	0,441743915	0
13,25492159	0	0,441757808	0
13,26326326	0	0,441974578	0
13,27160494	0	0,442179245	0
13,27994661	0	0,442020073	0
13,28828829	0	0,442107837	0
13,29662996	0	0,446197808	0
13,30497164	0	0,478906584	0
13,31331331	0	0,530209399	0
13,32165499	0	0,550611802	0
13,32999666	0	0,636891054	0
13,33833834	0	0,643820579	0
13,34668001	0	0,680836688	0
13,35502169	0	0,681483149	0
13,36336336	0	0,682136323	0
13,37170504	0	0,684758357	0
13,38004671	0	0,687202679	0
13,38838839	0	0,689036178	0
13,39673006	0	0,690761795	0
13,40507174	0	0,690331934	0
13,41341341	0	0,689859369	0
13,42175509	0	0,689393027	0
13,43009676	0	0,689263206	0
13,43843844	0	0,689222659	0
13,44678011	0	0,689251253	0
13,45512179	0	0,689413161	0
13,46346346	0	0,689502369	0
13,47180514	0	0,689575634	0
13,48014681	0	0,689565329	0
13,48848849	0	0,689708797	0
13,49683016	0	0,689606259	0
13,50517184	0	0,689609366	0
13,51351351	0	0,690109215	0
13,52185519	0	0,690560596	0
13,53019686	0	0,690897256	0
13,53853854	0	0,692381744	0
13,54688021	0	0,689753312	0
13,55522189	0	0,68991618	0
13,56356356	0	0,689862604	0
13,57190524	0	0,689353237	0
13,58024691	0	0,688665378	0
13,58858859	0	0,688941258	0
13,59693026	0	0,688968174	0
13,60527194	0	0,689373866	0
13,61361361	0	0,688916966	0
13,62195529	0	0,689046705	0
13,63029696	0	0,68898275	0
13,63863864	0	0,688971656	0
13,64698031	0	0,68883005	0
13,65532199	0	0,689107439	0
13,66366366	0	0,688956154	0
13,67200534	0	0,688835456	0
13,68034701	0	0,688734707	0
13,68868869	0	0,688861455	0
13,69703036	0	0,68921918	0
13,70537204	0	0,689252262	0
13,71371371	0	0,689458495	0
13,72205539	0	0,697323088	0
13,73039706	0	0,714296971	0
13,73873874	0	0,734441247	0
13,74708041	0	0,748483695	0
13,75542209	0	0,75704845	0
13,76376376	0	0,759740116	0
13,77210544	0	0,761179936	0
13,78044711	0	0,764168287	0
13,78878879	0	0,766880563	0
13,79713046	0	0,767624164	0
13,80547214	0	0,768475112	0
13,81381381	0	0,768423394	0
13,82215549	0	0,768618506	0
13,83049716	0	0,76901044	0
13,83883884	0	0,768998231	0
13,84718051	0	0,768990859	0
13,85552219	0	0,769632375	0
13,86386386	0	0,769095968	0
13,87220554	0	0,768872248	0
13,88054721	0	0,769842696	0
13,88888889	0	0,769132339	0
13,89723056	0	0,769454039	0
13,90557224	0	0,769088592	0
13,91391391	0	0,76904842	0
13,92225559	0	0,768956734	0
13,93059726	0	0,768943586	0
13,93893894	0	0,768938954	0
13,94728061	0	0,768762481	0
13,95562229	0	0,768424446	0
13,96396396	0	0,768612618	0
13,97230564	0	0,768331828	0
13,98064731	0	0,768319487	0
13,98898899	0	0,768372277	0
13,99733066	0	0,767978282	0
14,00567234	0	0,768307599	0
14,01401401	0	0,768548446	0
14,02235569	0	0,768307332	0
14,03069736	0	0,768370584	0
14,03903904	0	0,768508604	0
14,04738071	0	0,768307294	0
14,05572239	0	0,768202201	0
14,06406406	0	0,768654791	0
14,07240574	0	0,77108662	0
14,08074741	0	0,770777453	0
14,08908909	0	0,767691256	0
14,09743076	0	0,752602638	0
14,10577244	0	0,761565409	0
14,11411411	0	0,741455554	0
14,12245579	0	0,727205374	0
14,13079746	0	0,741102123	0
14,13913914	0	0,736865496	0
14,14748081	0	0,732268016	0
14,15582249	0	0,7315512	0
14,16416416	0	0,730687767	0
14,17250584	0	0,732044997	0
14,18084751	0	0,732415793	0
14,18918919	0	0,732673707	0
14,19753086	0	0,732449118	0
14,20587254	0	0,732370736	0
14,21421421	0	0,732072182	0
14,22255589	0	0,73220395	0
14,23089756	0	0,732309824	0
14,23923924	0	0,735523284	0
14,24758091	0	0,734056487	0
14,25592259	0	0,734025557	0
14,26426426	0	0,733937641	0
14,27260594	0	0,733361525	0
14,28094761	0	0,733337261	0
14,28928929	0	0,732960184	0
14,29763096	0	0,732927606	0
14,30597264	0	0,732522338	0
14,31431431	0	0,73265724	0
14,32265599	0	0,732641478	0
14,33099766	0	0,732378568	0
14,33933934	0	0,732499786	0
14,34768101	0	0,732562066	0
14,35602269	0	0,732719586	0
14,36436436	0	0,733005269	0
14,37270604	0	0,73285212	0
14,38104771	0	0,732976113	0
14,38938939	0	0,732981467	0
14,39773106	0	0,733254133	0
14,40607274	0	0,740471231	0
14,41441441	0	0,752260729	0
14,42275609	0	0,765438103	0
14,43109776	0	0,775472252	0
14,43943944	0	0,78363928	0
14,44778111	0	0,784438461	0
14,45612279	0	0,786408385	0
14,46446446	0	0,784143556	0
14,47280614	0	0,784113608	0
14,48114781	0	0,784924428	0
14,48948949	0	0,785031817	0
14,49783116	0	0,785319363	0
14,50617284	0	0,785602783	0
14,51451451	0	0,786196703	0
14,52285619	0	0,786239892	0
14,53119786	0	0,786050089	0
14,53953954	0	0,786499096	0
14,54788121	0	0,786122063	0
14,55622289	0	0,786400756	0
14,56456456	0	0,786725383	0
14,57290624	0	0,787007285	0
14,58124791	0	0,786835711	0
14,58958959	0	0,786479356	0
14,59793126	0	0,786400119	0
14,60627294	0	0,786292977	0
14,61461461	0	0,786235524	0
14,62295629	0	0,786317647	0
14,63129796	0	0,786131802	0
14,63963964	0	0,786326798	0
14,64798131	0	0,786072602	0
14,65632299	0	0,786183154	0
14,66466466	0	0,786083547	0
14,67300634	0	0,785868143	0
14,68134801	0	0,786018913	0
14,68968969	0	0,786048144	0
14,69803136	0	0,786123078	0
14,70637304	0	0,786003525	0
14,71471471	0	0,786162446	0
14,72305639	0	0,786553952	0
14,73139806	0	0,790142295	0
14,73973974	0	0,790855625	0
14,74808141	0	0,792488995	0
14,75642309	0	0,793328988	0
14,76476476	0	0,793322323	0
14,77310644	0	0,793661615	0
14,78144811	0	0,793827381	0
14,78978979	0	0,793790224	0
14,79813146	0	0,793835991	0
14,80647314	0	0,793923643	0
14,81481481	0	0,793957652	0
14,82315649	0	0,794071	0
14,83149816	0	0,794028079	0
14,83983984	0	0,794113179	0
14,84818151	0	0,794075028	0
14,85652319	0	0,794077006	0
14,86486486	0	0,794198324	0
14,87320654	0	0,794124922	0
14,88154821	0	0,79422718	0
14,88988989	0	0,794270269	0
14,89823156	0	0,794368066	0
14,90657324	0	0,794289088	0
14,91491491	0	0,794288447	0
14,92325659	0	0,79434123	0
14,93159826	0	0,794239189	0
14,93993994	0	0,794189731	0
14,94828161	0	0,79436441	0
14,95662329	0	0,794306334	0
14,96496496	0	0,79423449	0
14,97330664	0	0,79405781	0
14,98164831	0	0,794132991	0
14,98998999	0	0,794061719	0